GRT_LABELLED_CLASSIFICATION_DATA_FILE_V1.0
DatasetName: both-hand-static-gesture
InfoText: Gesture Recognition For Human-Robot Interaction by Aravinth Panchadcharam <me@aravinth.info>
NumDimensions: 6
TotalNumExamples: 1200
NumberOfClasses: 1
ClassIDsAndCounters: 
1	1200	NOT_SET
UseExternalRanges: 0
Data:
1   -456.289    353.88  1761.36 275.456 339.026 1841.85
1   -456.341    352.611 1762.21 273.412 337.549 1840
1   -456.148    349.855 1759.58 273.905 336.763 1839.43
1   -454.548    350.43  1759.61 275.371 337.639 1837.59
1   -455.437    349.62  1757.83 274.115 340.19  1839.06
1   -453.851    347.596 1759.17 274.621 339.572 1841.6
1   -454.901    347.935 1758.44 276.274 336.488 1839.22
1   -451.625    343.414 1759.49 272.733 335.497 1839.39
1   -452.205    344.611 1758.45 271.662 335.915 1841.21
1   -451.395    339.841 1757.76 272.237 336.334 1839.86
1   -448.373    338.275 1756.96 274.449 336.873 1841
1   -453.118    344.588 1758.6  276.38  337.879 1839.76
1   -453.735    344.014 1755.82 271.798 336.257 1838.27
1   -454.848    347.992 1759.7  272.853 336.193 1837.6
1   -453.247    348.508 1758.83 275.648 336.115 1838.04
1   -453.009    344.626 1758.92 273.029 337.298 1838.04
1   -453.686    343.308 1756.65 275.677 338.101 1838.84
1   -452.881    346.358 1757.09 273.128 336.171 1836.58
1   -451.288    345.608 1759.68 273.844 335.677 1835.31
1   -452.025    344.758 1758.04 273.92  335.923 1836.46
1   -455.265    346.019 1758.14 275.769 337.148 1839.07
1   -457.311    350.136 1759.99 276.671 338.263 1835.72
1   -456.242    349.24  1759.12 276.029 338.014 1836.82
1   -455.789    350.183 1757.81 276.009 341.544 1839
1   -457.103    351.457 1759.06 275.621 337.966 1835.91
1   -458.31 350.343 1757.6  276.575 337.351 1836.3
1   -461.028    351.951 1758.16 278.12  338.05  1837.07
1   -460.257    350.478 1757.97 278.868 340.735 1836.07
1   -461.048    355.961 1753.91 279.648 340.365 1837.53
1   -460.822    360.184 1753.95 280.932 344.436 1837.68
1   -464.92 369.108 1756.05 286.293 354.349 1837.82
1   -464.726    378.036 1756.04 287.166 360.853 1837.11
1   -462.398    384.537 1756.42 289.426 371.497 1842.24
1   -459.815    391.795 1755.74 291.54  381.18  1842.8
1   -460.749    406.79  1759.24 290.168 387.512 1841.22
1   -467.142    419.882 1756.75 291.85  395.869 1842.82
1   -469.834    428.746 1752.99 293.19  406.219 1841.56
1   -467.841    435.952 1751.27 296.995 426.209 1845.74
1   -465.366    445.916 1748.9  299.803 433.723 1843.02
1   -471.704    457.713 1744.37 305.741 442.235 1841.5
1   -476.847    474.443 1740.77 306.256 451.143 1841.12
1   -478.212    486.821 1738.21 312.442 474.178 1849.06
1   -477.312    491.31  1732.39 309.864 482.061 1846.51
1   -477.49 509.444 1733.08 309.916 490.545 1847.09
1   -474.262    510.355 1728.84 308.871 502.644 1847.42
1   -475.229    524.388 1727.47 308.921 516.114 1849.28
1   -472.177    540.496 1728.2  311.238 532.141 1852.62
1   -470.553    550.807 1725.03 312.175 544.656 1854.31
1   -468.853    559.788 1725.26 306.218 550.213 1854.39
1   -462.439    567.45  1725.41 304.753 556.935 1854.42
1   -455.76 582.858 1728.54 301.098 565.673 1856.3
1   -452.593    583.629 1726.76 302.868 576.253 1857.85
1   -447.828    609.319 1728.83 305.195 582.372 1858.22
1   -441.667    615.62  1729.4  300.508 594.252 1857.81
1   -436.379    618.663 1725.98 301.585 606.023 1856.29
1   -430.165    625.082 1728.04 304.466 610.552 1856.25
1   -430.855    635.89  1731.41 305.269 613.709 1855.08
1   -432.06 638.81  1733.29 302.863 616.607 1853.99
1   -425.079    644.996 1735.61 297.451 639.08  1860.8
1   -423.172    645.628 1735.67 298.947 647.268 1858.04
1   -420.178    645.557 1734.97 299.205 649.12  1858.73
1   -421.675    646.01  1736.06 296.563 647.758 1857.65
1   -421.835    647.241 1736.23 303.315 627.391 1850.95
1   -423.644    648.675 1734.74 300.468 619.458 1849.62
1   -427.01 641.573 1733.52 302.553 641.379 1856.71
1   -433.208    643.337 1730.81 310.552 645.245 1858.54
1   -431.667    641.93  1729.68 307.732 633.329 1853.89
1   -442.901    638.389 1722.77 310.167 619.681 1853.01
1   -453.421    636.855 1729.32 312.027 605.095 1849.44
1   -454.264    623.7   1728.39 315.418 596.798 1848.77
1   -454.666    612.818 1734.26 318.498 591.656 1847.25
1   -460.69 600.636 1737.23 324.5   583.67  1851.08
1   -459.77 593.7   1744.21 324.403 565.634 1849.08
1   -466.656    576.414 1745.04 332.077 558.431 1847.32
1   -469.017    563.331 1749.67 326.931 546.663 1847.83
1   -475.733    547.923 1748.32 330.235 533.698 1848.19
1   -481.205    539.241 1752.56 331.015 523.311 1847.94
1   -480    530.797 1756.04 329.435 514.915 1854.29
1   -480.368    519.027 1764.97 330.812 496.344 1849.34
1   -488.191    500.186 1767.01 326.121 489.813 1851.59
1   -490.497    493.335 1770.99 327.065 482.916 1852.9
1   -489.934    481.388 1773.69 328.625 463.628 1849.18
1   -491.472    465.492 1774.07 329.695 458.619 1851.7
1   -494.023    450.172 1773.79 322.741 442.858 1849.76
1   -497.373    437.988 1774.37 327.028 431.621 1846.4
1   -488.156    429.724 1773.53 325.362 421.788 1844.71
1   -485.987    422.256 1772.55 319.641 411.901 1841.34
1   -486.717    415.946 1775.34 314.752 404.146 1842.13
1   -489.013    407.156 1774.47 315.372 392.985 1841.63
1   -488.953    398.901 1774.61 311.195 381.754 1836.89
1   -486.965    390.621 1770.35 306.978 373.338 1835.9
1   -482.957    378.153 1767.31 305.608 371.274 1834.54
1   -475.604    370.071 1765.07 305.813 369.388 1836.87
1   -470.872    362.533 1764.56 296.99  356.368 1833.58
1   -470.943    352.635 1762.09 294.476 354.116 1829.55
1   -470.519    340.351 1760    289.405 347.472 1827.7
1   -468.367    329.761 1753.18 287.044 341.976 1826.4
1   -465.573    323.262 1751.46 282.286 339.228 1828.14
1   -465.57 319.848 1748.17 284.793 334.21  1830.27
1   -459.091    316.654 1746.69 286.247 331.357 1829.49
1   -456.763    315.312 1743.44 283.46  330.413 1828.03
1   -463.148    317.374 1740.46 286.338 330.284 1828.01
1   -465.004    317.713 1738.12 287.453 330.894 1829.4
1   -460.372    314.339 1737.12 284.185 331.533 1826.93
1   -457.089    317.392 1736.79 286.894 330.717 1827.34
1   -459.065    321.557 1735.62 289.551 336.281 1828.08
1   -455.533    327.705 1735.42 289.808 341.24  1827.94
1   -454.265    333.138 1733.97 291.652 341.713 1829.57
1   -454.312    334.874 1727.73 295.171 349.029 1828.34
1   -455.695    348.242 1728.72 294.517 354.586 1830.66
1   -457.648    355.33  1727.55 296.115 359.432 1831.04
1   -459.718    368.499 1727.48 298.299 368.076 1831.44
1   -456.559    381.259 1728.66 301.252 378.445 1829.94
1   -459.148    392.019 1727.09 298.424 387.277 1831.01
1   -458.93 400.722 1726.26 305.602 403.945 1834.75
1   -465.153    411.121 1724.58 310.149 414.644 1835.14
1   -466.883    423.565 1722.42 309.758 421.697 1839.76
1   -471.201    436.016 1722.95 310.858 431.681 1840.64
1   -475.984    452.491 1721.49 314.504 445.364 1840.6
1   -475.711    464.463 1718.59 317.413 462.657 1843.29
1   -482.472    473.858 1717.66 316.062 473.063 1847.83
1   -483.623    485.132 1717.73 323.283 483.268 1846.94
1   -484.14 499.576 1718.8  324.353 497.213 1850.97
1   -483.898    512.638 1720.11 325.005 504.851 1851.24
1   -485.82 525.023 1722    320.834 512.951 1852.34
1   -482.455    536.82  1727.72 325.346 529.305 1855.31
1   -477.835    549.344 1730.86 322.992 533.004 1857.31
1   -477.859    558.702 1730.68 325.268 546.893 1861.77
1   -471.39 570.126 1734    327.211 558.931 1861.18
1   -469.557    584.479 1737.4  324.779 571.375 1867.42
1   -469.945    601.076 1740.92 325.754 580.457 1865.99
1   -465.839    621.229 1745.44 322.813 595.409 1874.94
1   -462.174    633.721 1751.27 324.803 607.456 1876.33
1   -464.389    634.172 1749.2  322.799 611.979 1877.01
1   -458.512    651.232 1756.98 318.631 615.353 1879.95
1   -454.75 657.96  1759.9  317.465 614.71  1874.53
1   -450.728    659.536 1762.23 319.15  628.267 1878.79
1   -448.853    665.476 1760.02 317.751 635.857 1880.27
1   -446.206    666.385 1758.76 317.491 637.122 1877.26
1   -446.424    671.151 1757.35 314.096 642.807 1876.71
1   -445.14 672 1757.91 314.017 651.439 1877.95
1   -444.284    671.518 1754.77 310.39  653.862 1879.9
1   -444.882    671.465 1755.2  310.728 651.407 1878.23
1   -443.331    664.1   1751.1  316.173 641.425 1876.08
1   -444.725    664.414 1752.15 315.171 629.595 1874.02
1   -450.744    661.078 1750.34 316.543 624.85  1870.41
1   -456.57 655.702 1743.75 315.709 617.349 1870.49
1   -462.912    649.819 1741.02 319.872 610.308 1871.27
1   -468.717    645.896 1743.85 323.049 604.649 1869.13
1   -471.703    641.267 1740.53 331.974 595.299 1867.55
1   -477.39 633.361 1738.82 331.876 583.657 1867.85
1   -479.338    620.234 1742.52 334.906 574.48  1867.02
1   -479.507    589.051 1740.5  330.921 561.75  1867.02
1   -477.901    566.449 1741.35 333.191 550.394 1860.69
1   -477.722    552.432 1744.56 335.459 545.952 1862.62
1   -476.525    546.898 1747.67 337.469 526.534 1858.62
1   -477.93 531.089 1744.87 333.815 524.06  1859.1
1   -479.142    521.763 1746.86 332.464 508.459 1855.46
1   -479.267    514.047 1747.94 335.696 498.202 1851.14
1   -478.595    503.883 1747.96 332.654 491.445 1853.57
1   -469.514    481.162 1745.83 335.617 483.925 1855.79
1   -472.965    474.884 1747.05 335.466 468.91  1852.23
1   -473.659    469.726 1750.34 335.704 456.784 1848.44
1   -471.074    454.723 1749.68 335.802 444.681 1844.41
1   -469.854    437.518 1745.48 331.399 431.219 1846.02
1   -470.789    428.543 1746.09 328.853 422.264 1843.27
1   -468.528    420.921 1744.76 331.019 412.026 1843.31
1   -469.892    409.705 1740.81 331.671 402.983 1839.78
1   -469.509    397.969 1739.67 327.887 391.959 1836.83
1   -468.571    388.824 1732.85 325.676 384.5   1836.94
1   -471.337    384.497 1731.6  324.489 381.144 1838.5
1   -468.973    381.113 1730.54 322.427 378.791 1837.1
1   -468.384    373.843 1727.88 319.741 369.975 1832.42
1   -462.784    364.754 1722.15 310.566 357.261 1828.16
1   -460.442    354.26  1722.87 310.578 344.021 1827.6
1   -458.378    342.997 1718.47 305.269 337.994 1826.57
1   -457.839    337.344 1714.68 303.685 334.533 1822.94
1   -457.677    335.966 1712.96 308.973 332.972 1819.43
1   -457.671    329.209 1709.58 310.207 327.255 1820.65
1   -458.827    325.162 1707.53 308.086 327.829 1820.43
1   -460.452    323.247 1704.69 303.29  325.312 1820.16
1   -457.259    323.496 1704.05 303.607 322.12  1817.46
1   -455.603    324.129 1704.24 309.666 328.792 1821.08
1   -455.328    326.196 1702.01 306.992 328.57  1820.52
1   -453.943    331.452 1701.77 310.01  332.185 1819.76
1   -455.347    332.549 1699.2  310.891 337.33  1818.38
1   -455.886    337.86  1698.92 310.78  341.704 1815.33
1   -451.608    344.539 1699.42 310.336 344.954 1817.36
1   -449.252    348.562 1698.39 309.122 350.498 1821.76
1   -451.678    355.359 1695.76 310.413 360.396 1819.67
1   -455.631    374.511 1697.98 316.94  370.281 1820.81
1   -454.521    385.22  1699.44 314.604 381.488 1820
1   -456.432    396.361 1701.38 316.099 392.843 1822.39
1   -450.057    406.308 1705.18 317.783 403.357 1821.61
1   -452.218    419 1706.89 320.092 414.858 1822.78
1   -450.922    432.603 1711.07 319.702 432.072 1825.44
1   -458.354    444.943 1712.85 318.873 435.709 1823.82
1   -462.529    457.373 1714.31 320.868 443.172 1828.92
1   -470.768    472.314 1717    324.127 453.149 1832.62
1   -477.228    484.729 1718.16 325.399 466.233 1833.47
1   -478.136    495.035 1717.48 323.437 482.987 1844.76
1   -482.384    507.721 1720.63 324.707 486.321 1843.54
1   -486.149    517.481 1722.88 325.123 490.765 1848.11
1   -485.324    524.917 1722.49 326.852 496.454 1851.54
1   -482.478    534.081 1726.64 326.062 509.376 1855.44
1   -482.588    545.332 1729.54 326.337 522.267 1857.56
1   -479.032    556.828 1730.1  323.289 532.559 1858.41
1   -475.092    565.815 1733.44 321.183 533.261 1858.26
1   -475.774    585.652 1740.26 318.08  540.782 1861.35
1   -474.552    589.874 1739.97 315.582 552.385 1863.85
1   -474.588    597.745 1742.24 314.845 564.687 1869.17
1   -472.22 605.316 1742.15 312.604 571.24  1870.42
1   -471.817    621 1745.24 314.554 575.452 1866.64
1   -471    631.012 1745.42 314.133 583.891 1869.49
1   -466.317    633.435 1746.04 311.498 593.758 1870.68
1   -472.66 635.418 1742.26 311.545 591.783 1867.38
1   -456.445    642.792 1744.84 305.058 603.823 1868.93
1   -450.879    648.36  1743.36 304.731 610.877 1866.92
1   -446.351    654.704 1745.25 304.969 614.69  1867.6
1   -444.217    653.271 1742.55 303.305 616.551 1867.51
1   -445.887    654.218 1741.39 301.484 616.724 1864.41
1   -444.04 653.261 1742.72 303.531 616.67  1864.11
1   -438.586    652.179 1743.08 302.955 614.763 1865.97
1   -437.416    649.556 1745.11 305.231 611.793 1863.48
1   -441.04 647.673 1744.45 302.912 609.806 1863.23
1   -444.462    641.917 1745.53 302.337 606.55  1861.97
1   -443.842    637.061 1746.04 308.395 604.585 1867.7
1   -450.023    631.683 1749.05 307.379 592.982 1864.22
1   -449.232    618.173 1746.61 307.988 583.814 1860.07
1   -447.436    613.584 1752.97 313.037 574.485 1857.71
1   -454.917    604.112 1753.39 311.678 570.171 1861.74
1   -459.406    598.554 1755.62 313.578 564.297 1861.95
1   -463.486    587.775 1759.43 314.351 547.193 1857.5
1   -463.772    572.134 1757.23 317.664 531.703 1853.52
1   -461.542    560.02  1753.49 322.026 528.415 1853.31
1   -466.869    548.436 1756.23 328.722 525.638 1855.08
1   -475.336    537.027 1756.73 329.542 515.701 1856.41
1   -478.736    528.588 1751.79 328.286 502.752 1852.21
1   -479.768    520.607 1752.13 329.643 490.263 1850.26
1   -482.781    505.042 1749.15 325.685 483.971 1851.87
1   -483.443    493.433 1747.47 332.046 479.544 1853.4
1   -485.047    484.193 1746.07 335.625 468.778 1852.19
1   -484.548    470.461 1742.76 332.822 455.913 1848.01
1   -483.29 457.342 1741.57 330.275 448.534 1845.99
1   -484.354    449.341 1739.45 331.297 441.924 1843.03
1   -488.02 444.005 1738.69 326.729 434.135 1841.21
1   -487.906    432.276 1735.56 326.146 427.025 1839.53
1   -485.478    427.688 1733.32 329.119 416.674 1839.65
1   -485.039    417.982 1730.77 321.735 406.045 1838.21
1   -485.74 405.192 1727.38 321.049 398.981 1835.62
1   -484.502    398.149 1727.23 321.595 390.072 1833.81
1   -484.392    389.006 1722.94 315.982 384.312 1831.55
1   -485.031    380.548 1723.38 310.832 374.41  1832.28
1   -484.482    372.503 1720.32 312.096 365.411 1831.58
1   -485.841    363.642 1717.93 309.413 352.863 1828.52
1   -486.416    351.517 1717.12 308.967 348.704 1828.45
1   -486.386    341.91  1716.96 302.566 339.942 1830.43
1   -483.473    335.576 1717.32 304.664 336.735 1828.37
1   -480.785    331.325 1715.72 302.678 331.995 1829.13
1   -478.963    329.325 1715.57 309.016 329.247 1829.17
1   -479.112    326.992 1710.93 308.852 326.725 1829.84
1   -478.295    322.699 1710.92 306.737 328.558 1831.79
1   -479.212    323.214 1711.1  307.06  326.271 1829.44
1   -478.048    322.236 1708.86 313.39  326.157 1827.04
1   -477.198    326.219 1711.7  309.946 328.183 1828.37
1   -475.178    326.095 1711.64 313.304 330.844 1829.51
1   -474.344    326.445 1710.84 315.985 333.912 1829.79
1   -477.532    331.519 1709.71 317.482 339.126 1828.34
1   -477.014    332.868 1707.51 317.003 343.571 1826.75
1   -477.93 338.344 1705.9  316.254 347.131 1827.15
1   -475.32 356.79  1710.06 316.997 352.425 1827.56
1   -474.674    359.618 1705.5  322.923 361.739 1826.37
1   -471.459    372.389 1707.92 323.376 370.64  1828.24
1   -475.07 377.604 1705.34 325.149 381.698 1826.47
1   -474.559    394.262 1705.82 325.565 391.593 1824.35
1   -475.525    411.466 1705.9  327.932 406.359 1827.64
1   -472.85 422.78  1705.2  326.897 415.325 1826.94
1   -472.538    432.745 1704.29 330.472 424.053 1828.43
1   -473.456    447.347 1704.51 331.205 434.527 1829
1   -474.403    459.12  1703.93 333.44  441.644 1828.22
1   -475.852    476.818 1701.8  337.531 448.387 1829.77
1   -476.516    488.359 1700.55 333.49  460.985 1833.27
1   -479.66 497.824 1701.55 338.02  473.584 1832.76
1   -482.203    508.389 1700.71 337.426 482.65  1838.48
1   -481.146    517.849 1699.7  334.988 489.64  1839.71
1   -481.141    530.566 1702.06 335.838 500.748 1841.07
1   -480.623    540.328 1700.32 337.032 512.865 1840.94
1   -478.544    546.059 1701.62 332.473 514.283 1847.88
1   -480.711    558.874 1705.02 332.384 527.204 1849.44
1   -478.363    576.945 1700.54 335.325 532.11  1848.89
1   -475.914    584.988 1704.77 333.473 550.423 1854.11
1   -474.509    590.807 1705.11 328.997 552.02  1853.07
1   -471.419    600.584 1707.18 325.473 553.184 1852.42
1   -471.251    613.439 1706.78 334.216 574.887 1853.13
1   -471.695    619.944 1706.01 329.107 578.875 1853.14
1   -464.64 621.035 1708.46 328.082 585.573 1853.72
1   -459.957    624.246 1707.76 321.135 594.548 1853.71
1   -454.196    632.204 1707.59 314.151 605.075 1856.55
1   -449.741    635.669 1712.13 313.315 615.646 1855.98
1   -446.368    641.2   1713.38 311.567 620.435 1857.19
1   -445.009    642.559 1716.04 310.943 619.191 1856.73
1   -445.186    642.113 1713.47 312.314 623.469 1851.48
1   -441.229    643.69  1711.63 307.401 630.555 1853.41
1   -439.163    645.058 1712.08 306.135 631.744 1851.4
1   -440.28 643.461 1713.29 302.797 632.101 1852.78
1   -440.936    643.309 1712.72 306.022 634.858 1855.41
1   -445.473    641.066 1716.06 307.087 633.66  1850.22
1   -447.092    638.177 1714.84 309.75  629.828 1853.15
1   -446.695    635.104 1719.7  312.295 623.105 1852.34
1   -448.044    635.502 1719.81 318.563 610.616 1847.16
1   -449.594    629.898 1719.58 314.637 605.172 1847.87
1   -451.685    627.87  1718.41 315.871 595.497 1847.75
1   -455.03 609.402 1721.66 327.29  592.968 1847.14
1   -461.331    595.729 1726.61 327.865 578.537 1846.71
1   -457.395    596.557 1735.14 329.257 568.293 1843.95
1   -461.268    585.163 1733.41 324.444 552.787 1846.12
1   -464.33 577.148 1737.49 329.393 549.247 1846.44
1   -469.616    564.757 1742.39 333.042 541.609 1845.54
1   -470.949    540.96  1738.95 332.044 520.973 1843.94
1   -476.371    530.739 1738.54 330.671 520.176 1851.23
1   -476.07 521.232 1739.63 329.169 501.567 1845.58
1   -480.823    510.94  1739.38 332.775 494.962 1842.66
1   -485.715    499.301 1738.4  334.039 489.171 1845.65
1   -492.087    491.283 1734.95 332.605 479.932 1847.28
1   -492.255    483.51  1733.57 335.391 467.947 1847.66
1   -495.256    477.793 1733.31 334.683 462.47  1847.49
1   -495.805    470.198 1730.14 333.698 451.7   1846.74
1   -495.498    463.124 1733.72 334.084 446.016 1845.68
1   -495.492    451.49  1726.32 333.363 432.526 1847.07
1   -493.152    441.441 1724.97 333.821 423.965 1842.96
1   -492.668    430.228 1725.59 334.161 415.464 1844.94
1   -494.686    417.756 1720.59 335.012 404.466 1836.96
1   -494.769    406.535 1715.97 333.123 393.954 1836.03
1   -492.34 396.339 1713.23 329.798 384.068 1835.8
1   -489.133    391.343 1712.64 330.119 377.026 1834.75
1   -489.048    383.456 1710.02 330.704 370.821 1829.53
1   -489.966    374.785 1709.37 328.522 359.861 1824.75
1   -487.626    364.376 1707.43 324.816 349.577 1824.07
1   -487.993    354.221 1705.87 320.676 342.882 1823.86
1   -485.891    348.721 1704.71 320.599 337.692 1819.43
1   -485.625    348.237 1704.83 316.948 336.357 1820.16
1   -483.218    346.609 1703.07 316.977 330.742 1816.12
1   -482.541    345.583 1702.58 312.381 325.937 1819.5
1   -481.012    343.139 1702.54 317.28  325.425 1818.38
1   -480.415    342.215 1704.26 322.357 322.086 1816.35
1   -479.066    341.19  1706.27 321.243 321.955 1813.65
1   -478.731    343.372 1707.77 323.392 319.538 1816.34
1   -480.447    345.18  1705.27 322.829 321.079 1817.08
1   -482.172    345.202 1704.27 317.545 327.681 1819.31
1   -485.159    345.265 1702.81 323.141 331.017 1822.74
1   -484.474    347.292 1704.38 322.651 338.902 1823.98
1   -480.719    356.074 1702.48 323.104 344.307 1823.64
1   -478.915    361.673 1704.75 325.959 347.235 1827.7
1   -475.957    372.005 1706.24 328.136 360.373 1824.35
1   -479.89 380.037 1708.82 332.534 374.312 1825.27
1   -480.643    387.686 1708.71 328.701 385.583 1827.71
1   -483.158    399.014 1706.08 327.108 387.374 1824.1
1   -484.303    411.57  1706.48 327.915 404.393 1827.23
1   -481.957    423.808 1703.61 326.205 413.829 1825.83
1   -479.691    431.957 1703.13 326.031 420.716 1825.3
1   -480.494    442.483 1702.86 325.111 428.217 1826.66
1   -483.65 456.535 1699.71 329.804 437.025 1824.02
1   -487.907    466.929 1695.05 332.819 444.267 1826.21
1   -490.702    476.389 1695.31 331.25  457.295 1829.23
1   -490.688    486.543 1697.3  333.025 467.627 1830.7
1   -489.493    495.994 1693.05 336.642 475.866 1829.94
1   -493.62 505.464 1694.01 336.117 478.81  1829.51
1   -498.104    516.429 1695.21 333.497 485.498 1830.73
1   -495.25 523.487 1694.63 338.851 496.749 1830.29
1   -494.091    534.632 1693.21 338.992 505.27  1829.75
1   -490.325    544.268 1694.21 335.465 512.833 1829.16
1   -489.667    557.262 1696.94 334.637 524.753 1830.81
1   -484.215    571.374 1701.79 336.012 536.093 1830.81
1   -484.177    581.979 1700.72 335.657 541.59  1833.36
1   -481.586    587.558 1700.44 330.21  550.547 1834.76
1   -476.353    597.602 1699.9  331.616 556.398 1835.01
1   -470.183    604.59  1701.99 325.763 559.534 1835.85
1   -468.846    611.65  1700.75 325.453 570.091 1837.29
1   -463.939    616.226 1698    324.832 581.239 1835.11
1   -459.182    620.123 1697    328.935 592.761 1837.82
1   -455.414    624.56  1695.98 326.473 603.283 1835.99
1   -451.349    630.934 1694.55 325.97  607.446 1833.36
1   -449.742    634.049 1688.45 322.294 605.717 1834.75
1   -449.259    632.953 1689.89 322.012 605.921 1831.77
1   -447.505    633.166 1691.09 320.912 603.835 1830.17
1   -448.056    635.747 1692.84 318.507 601.982 1829.82
1   -445.383    633.862 1695.33 316.729 600.762 1829.33
1   -446.417    630.52  1695.62 320.867 601.275 1830.68
1   -450.129    628.67  1697.34 324.305 606.038 1832.29
1   -452.919    630.068 1700.89 325.435 603.396 1833.45
1   -454.8  629.537 1708.5  327.023 600.072 1837.83
1   -458.802    627.825 1708.89 327.274 590.929 1841.84
1   -468.103    627.959 1716.07 326.299 580.501 1842.19
1   -469.498    606.035 1718.05 325.377 575.471 1846.52
1   -472.62 595.532 1724.59 330.929 563.208 1844.53
1   -476.323    593.13  1736.55 334.543 552.581 1844.53
1   -481.886    584.095 1743.35 334.165 545.295 1851.07
1   -479.764    566.726 1746.19 332.116 540.201 1853.46
1   -482.013    550.729 1748.51 335.564 530.504 1855.5
1   -484.026    543.377 1754.39 332.682 519.201 1858.51
1   -481.784    537.163 1755.05 328.202 508.548 1860.92
1   -481.849    529.163 1759.65 329.743 495.601 1861.04
1   -479.7  518.646 1764.46 328.968 493.677 1864.17
1   -481.054    498.41  1766.44 326.508 478.913 1861.99
1   -480.548    482.529 1765.07 325.036 471.403 1861.92
1   -482.595    476.148 1763.8  327.276 462.812 1863.82
1   -481.51 465.484 1766.49 328.384 454.821 1864.79
1   -480.982    454.326 1764.69 327.852 442.272 1867.51
1   -482.131    445.113 1761.84 325.571 426.797 1865.54
1   -482.879    439.459 1758.61 326.825 424.117 1867.06
1   -485.624    436.182 1760.65 327.647 416.643 1867.14
1   -485.326    424.198 1754.81 322.917 407.39  1869.18
1   -483.684    412.849 1752.51 313.633 396.75  1870.07
1   -483.93 404.461 1749.38 313.219 382.392 1866.18
1   -487.09 397.194 1745.54 313.377 376.945 1864.82
1   -486.796    388.445 1743.69 312.704 379.587 1866.41
1   -485.871    379.851 1740.6  309.798 368.37  1865.63
1   -490.17 369.797 1735.74 311.857 364.205 1865.22
1   -491.589    358.231 1732.59 317.329 354.012 1862.17
1   -489.273    347.821 1732.53 314.396 350.334 1861.14
1   -484.521    341.14  1732.8  309.402 344.584 1858.67
1   -481.081    337.765 1733.99 310.575 342.98  1859.13
1   -481.145    337.582 1735.08 307.221 341.395 1858.56
1   -480.892    336.007 1738.38 306.875 339.12  1854.48
1   -483.672    331.808 1737.73 307.592 337.859 1855.6
1   -481.248    335.517 1738.44 309.683 340.134 1853.34
1   -477.988    335.792 1737.24 313.106 347.504 1851.53
1   -474.863    342.976 1739.26 313.754 352.829 1852.48
1   -467.233    347.509 1739.22 316.795 357.674 1849.72
1   -463.738    353.02  1738.74 320.669 365.464 1848.91
1   -465.587    355.758 1736.99 323.425 371.142 1847.92
1   -473.1  370.421 1737.59 321.166 383.012 1848.36
1   -471.038    384.521 1736.56 324.872 393.006 1848.95
1   -470.157    395.87  1736.58 323.96  402.768 1849.58
1   -474.471    407.898 1737.63 323.247 412.777 1848.24
1   -474.627    420.23  1737.1  324.954 424.609 1847.19
1   -476.393    440.163 1737.91 324.969 439.272 1849.16
1   -481.154    452.013 1735.03 326.697 448.436 1853.39
1   -480.918    465.155 1734.06 325.036 461.819 1852.55
1   -483.246    477.647 1734.31 319.656 470.927 1854
1   -485.067    491.731 1732.25 324.926 481.287 1854.43
1   -487.241    506.089 1731.98 325.198 497.861 1858.67
1   -488.986    518.911 1731.37 324.147 510.629 1861.17
1   -486.433    530.447 1731.29 320.006 519.218 1859.32
1   -486.482    540.273 1734.28 320.442 529.676 1861.86
1   -488.644    559.083 1736.71 319.156 537.237 1863.13
1   -481.486    561.036 1734.82 319.421 546.382 1863.22
1   -475.203    570.893 1734.29 319.274 558.308 1865.66
1   -473.655    583.369 1737.3  318.64  568.859 1869.34
1   -468.555    599.205 1737.04 315.416 581.905 1873.01
1   -462.93 609.667 1736.45 314.115 590.408 1876.03
1   -456.792    614.042 1738.69 314.674 592.167 1873.63
1   -456.866    632.94  1740.95 315.704 599.886 1870.89
1   -449.343    633.775 1739.86 313.318 610.274 1874.36
1   -440.423    638.799 1741.48 305.925 618.43  1873.39
1   -436.964    641.661 1741.01 306.868 617.885 1872.46
1   -429.238    651.29  1743.46 308.42  629.74  1871.1
1   -422.251    657.492 1746.81 306.451 636.684 1870.76
1   -423.773    659.249 1745.17 308.02  640.241 1870.07
1   -413.502    661.894 1746.04 301.267 622.13  1866.43
1   -415.332    661.804 1745.23 303.455 621.722 1865.7
1   -418.743    658.353 1743.98 304.113 637.428 1869.27
1   -424.647    657.34  1741.49 306.908 633.067 1864.71
1   -428.94 657.972 1739.97 312.06  631.031 1868.71
1   -433.911    654.082 1737.98 312.804 637.141 1869.37
1   -434.185    647.679 1733.54 308.999 624.945 1866.56
1   -440.618    638.2   1735.94 312.473 613.038 1870.66
1   -450.457    630.379 1734.57 317.13  601.96  1868.22
1   -455.93 625.25  1731.36 316.892 589.138 1867.36
1   -467.766    610.582 1728.93 323.81  576.616 1865.71
1   -477.199    599.813 1732.7  329.763 564.24  1862.81
1   -479.306    579.47  1729.99 329.027 552.304 1863.06
1   -486.821    570.836 1730.11 330.154 543.933 1861.6
1   -493.449    563.667 1732.52 336.168 535.823 1860.63
1   -496.6  555.722 1731.76 332.259 518.566 1859.11
1   -499.845    539.321 1731.42 334.06  518.251 1861.8
1   -500.891    525.66  1731.83 331.386 502.254 1858.7
1   -499.001    520.757 1736.67 329.813 500.317 1860.08
1   -495.803    507.529 1740.47 329.98  490.921 1861.15
1   -496.028    492.519 1740.84 332.017 479.217 1859.21
1   -497.884    474.211 1743.21 335.866 464.855 1856.6
1   -498.727    464.291 1744.93 330.833 451.87  1854.01
1   -493.534    444.118 1744.02 330.434 437.33  1852.87
1   -488.885    432.803 1746.51 324.77  421.188 1854.46
1   -486.201    429.452 1751.15 317.602 405.314 1849.25
1   -488.235    427.133 1752.11 315.996 396.149 1850.34
1   -490.387    418.059 1756.22 314.906 387.269 1849.62
1   -492.712    406.278 1752.73 313.446 384.413 1850.4
1   -489.662    397.208 1752.65 316.558 378.861 1849.67
1   -490.11 386.716 1748.16 316.484 374.178 1848.69
1   -493.508    381.408 1744.95 318.355 363.437 1843.98
1   -494.493    372.521 1742.83 313.368 352.844 1839.91
1   -494.139    364.141 1741.35 315.187 347.313 1839.16
1   -495.969    362.594 1737.75 310.511 342.671 1835.65
1   -493.934    360.164 1738.88 312.691 340.539 1828.95
1   -492.548    353.882 1737.46 314.401 339.144 1833.11
1   -491.41 352.139 1736.06 316.486 340.478 1834.28
1   -489.664    345.875 1735.9  315.517 335.594 1833.3
1   -484.809    338.522 1734.3  319.312 329.933 1829.08
1   -485.686    336.13  1732.51 317.826 330.438 1831.6
1   -480.904    337.938 1731.18 320.132 334.798 1832.61
1   -478.063    341.738 1730.71 323.618 341.937 1834.79
1   -479.5  349.924 1730.57 321.899 344.874 1833.96
1   -474.264    356.391 1731.55 317.555 348.194 1833.75
1   -476.166    366.776 1732.5  323.096 361.983 1838.93
1   -478.831    373.799 1730.87 326.068 373.774 1840.57
1   -476.298    382.987 1730.28 326.461 384.064 1839.32
1   -481.011    397.166 1727.23 326.713 395.319 1840.04
1   -476.175    411.918 1728.31 327.965 405.616 1841.25
1   -481.977    426.211 1726.07 327.586 419.192 1839.9
1   -485.979    439.034 1724.19 330.449 436.812 1840.63
1   -486.046    453.611 1721.66 334.154 448.707 1840.71
1   -487.059    467.856 1718.86 335.06  456.478 1839.76
1   -490.09 476.024 1715.72 334.398 461.859 1842.69
1   -490.716    482.786 1712.85 334.423 484.542 1844.41
1   -490.757    490.022 1708.77 336.716 492.314 1844.85
1   -492.562    506.128 1707.22 335.117 496.924 1844.1
1   -493.601    517.362 1706.18 339.477 514.068 1844.75
1   -493.497    529.994 1703.48 338.291 524.414 1849.67
1   -487.035    544.36  1702.64 337.527 537.671 1852.21
1   -481.717    559.485 1703.17 338.842 546.697 1853.22
1   -483.253    571.648 1702.08 336.612 554.79  1854.67
1   -475.248    585.156 1701.75 336.645 565.521 1851.65
1   -468.582    600.048 1697.66 331.224 574.196 1855.61
1   -467.551    613.479 1699.01 328.456 587.111 1856.83
1   -463.456    620.45  1698.49 333.402 600.579 1855.72
1   -452.625    625.828 1690.9  329.51  611.036 1853.07
1   -448.855    631.849 1689.93 327.718 618.654 1852.66
1   -444.403    642.731 1691.17 323.587 625.195 1851.47
1   -440.401    653.995 1689.89 321.772 644.448 1852.91
1   -438.447    650.987 1685.94 320.614 640.26  1846.93
1   -436.413    653.496 1685.32 316.711 634.236 1845.61
1   -436.302    656.062 1683.7  315.568 636.451 1845.27
1   -435.003    658.892 1680.31 315.409 641.893 1846.58
1   -434.168    660.244 1683.7  316.566 643.224 1842.15
1   -438.01 660.361 1684.87 317.117 638.595 1843.85
1   -442.979    662.739 1688.65 320.796 625.628 1843.65
1   -444.818    662.558 1688.77 320.014 625.129 1846.44
1   -445.73 654.195 1691.16 321.228 610.579 1843.78
1   -446.565    648.852 1688.63 327.825 602.218 1841.48
1   -453.756    641.479 1690.88 328.051 601.932 1847.35
1   -456.985    629.522 1698.55 330.304 592.744 1850.93
1   -455.039    617.3   1702.95 329.327 587.329 1851.49
1   -457.885    603.674 1705.77 329.433 564.188 1849.3
1   -457.371    593.707 1716.63 333.375 550.142 1847.4
1   -450.658    557.05  1718.27 332.774 546.082 1849.9
1   -453.899    552.308 1719.95 332.747 533.627 1848.91
1   -454.385    551.817 1728.1  331.075 526.252 1853.93
1   -462.151    540.601 1727.64 331.531 511.643 1855.44
1   -464.753    527.558 1732.47 331.53  499.804 1849.11
1   -466.512    519.28  1734.81 331.501 491.867 1850.69
1   -474.789    505.279 1732.52 332.455 483.559 1849.91
1   -481.559    491.753 1729.88 333.424 468.088 1847.41
1   -487.393    479.868 1731.4  330.558 450.973 1842.19
1   -488.291    467.144 1730.74 330.518 444.426 1843.21
1   -490.55 455.103 1732.56 333.079 437.645 1841.3
1   -487.999    441.87  1730.89 332.197 426.677 1841.95
1   -479.634    428.582 1733.44 330.244 415.311 1845.31
1   -484.215    420.449 1732.42 330.796 404.736 1843.21
1   -487.403    406.8   1734.01 329.163 392.825 1838.02
1   -486.687    396.537 1731.24 332.176 377.35  1833.93
1   -478.424    386.591 1732.45 329.557 369.109 1832.62
1   -474.452    372.052 1729.94 326.556 358.132 1827.02
1   -476.506    362.609 1726.5  326.425 347.577 1829.37
1   -477.601    356.648 1727.91 324.229 343.54  1824.68
1   -477.143    350.056 1727.4  325.354 334.289 1819.58
1   -479.31 345.387 1725.03 321.342 322.933 1816.71
1   -477.898    339.405 1723    329.848 317.907 1813.45
1   -477.524    331.977 1717.73 325.735 314.833 1816.02
1   -477.144    323.704 1719.12 328.812 307.366 1811.21
1   -478.43 318.314 1717.46 326.793 302.688 1806.77
1   -473.219    318.607 1717.73 331.19  309.601 1803.61
1   -470.225    327.825 1721.52 330.641 308.885 1803.74
1   -470.108    332.531 1717.1  330.479 316.63  1804.06
1   -468.145    337.012 1718.52 327.448 322.406 1806.58
1   -467.002    340.728 1718.26 324.299 327.518 1804.93
1   -464.414    348.318 1715.71 321.857 335.796 1809.59
1   -463.247    353.364 1713.02 321.682 343.681 1810.49
1   -460.722    358.948 1712.4  322.378 349.31  1811.52
1   -467.332    373.466 1712.4  321.771 360.8   1811.94
1   -470.828    388.289 1710.22 321.819 376.074 1819.61
1   -472.389    402.699 1709.71 320.652 385.63  1820.15
1   -473.952    417.143 1709.59 320.115 398.796 1823.51
1   -469.775    419.976 1711.79 321.113 415.133 1825.84
1   -475.336    434.093 1708.06 318.489 427.809 1824.95
1   -478.417    449.923 1708.6  320.742 437.426 1831.39
1   -478.218    463.469 1709.71 320.411 446.335 1832.26
1   -477.343    472.588 1708.18 322.583 453.825 1833.27
1   -478.864    481.464 1704.74 315.266 461.948 1840.36
1   -478.156    486.872 1704.2  317.27  466.964 1837.37
1   -480.952    500.295 1702.96 317.902 476.164 1841.42
1   -480.298    512.77  1702.42 318.278 486.445 1844.08
1   -480.016    524.474 1699.8  318.005 499.433 1849.06
1   -477.458    527.836 1700.37 316.906 509.061 1849.16
1   -477.681    535.763 1700.26 313.394 515.852 1850.37
1   -477.665    544.086 1699.54 315.202 526.062 1852.99
1   -479.537    552.6   1695.55 315.594 520.112 1852.33
1   -476.55 561.802 1695.53 316.108 530.663 1851.53
1   -476.282    572.413 1694.48 316.195 541.3   1854.87
1   -476.887    583.042 1695.24 316.832 549.247 1854.49
1	-683.13	338.437	1748.41	-22.839	338.751	1852.08
1	-682.647	338.348	1746.99	-22.8928	333.872	1849.51
1	-682.345	337.754	1747.67	-22.5464	340.809	1853.29
1	-682.049	338.286	1747.81	-21.3672	338.628	1849.41
1	-681.789	337.126	1746.36	-23.7196	336.424	1849.27
1	-682.357	336.363	1746.28	-23.7793	338.894	1852.07
1	-682.092	336.794	1746.19	-23.0417	340.393	1850.02
1	-683.395	336.466	1747.11	-20.5037	336.259	1847.92
1	-681.083	336.702	1746.09	-22.6601	336.653	1849.26
1	-682.255	336.71	1745.68	-22.43	337.381	1848.37
1	-681.663	337.894	1745.21	-21.3714	337.252	1848.14
1	-679.561	338.452	1745.29	-24.9692	335.895	1848.81
1	-679.165	337.447	1743.39	-21.2266	336.081	1846.65
1	-678.738	336.666	1744.77	-21.8565	334.334	1847.66
1	-678.784	337.096	1743.03	-21.7403	334.538	1844.69
1	-680.868	337.925	1741.35	-20.818	336.041	1844.7
1	-681.681	339.185	1741.68	-20.7583	340.08	1845.1
1	-680.426	341.669	1740.53	-24.0394	343.694	1845.37
1	-684.415	340.357	1737.45	-18.409	347.374	1842.47
1	-685.249	342.856	1734.95	-19.1412	354.835	1845.92
1	-689.233	347.32	1733.88	-17.9296	360.354	1845.56
1	-693.487	357.913	1735.22	-17.8006	362.654	1846.11
1	-695.859	364.418	1734.89	-17.6211	366.969	1848.82
1	-694.704	373.455	1737.78	-14.4054	374.344	1849.18
1	-695.818	375.923	1736.55	-12.7937	380.158	1850.42
1	-695.703	378.111	1734.79	-9.85902	385.463	1849.69
1	-695.991	383.909	1733.7	-7.00188	391.869	1853.64
1	-693.736	391.215	1732.58	3.84736	406.283	1853.08
1	-695.765	396.296	1731.64	-5.29372	414.642	1859.42
1	-698.204	403.986	1731.06	-1.34169	424.79	1861.67
1	-700.218	413.335	1727.32	1.28156	431.081	1862.59
1	-704.163	426.365	1725.89	2.84899	433.945	1860.14
1	-706.768	431.369	1725.95	5.59786	437.683	1857.24
1	-711.972	451.772	1730.79	4.83661	445.47	1859.71
1	-717.449	464.005	1734.06	3.89168	459.63	1863.67
1	-709.182	468.366	1732.6	7.36557	471.06	1863.98
1	-708.117	475.527	1731.71	12.1309	470.246	1859.94
1	-711.587	481.147	1732.87	10.3215	478.49	1863.27
1	-710.929	488.964	1734	11.1737	491.407	1867.81
1	-714.758	497.688	1735.35	10.6	501.024	1868.63
1	-719.303	505.003	1737.27	10.5931	511.524	1867.83
1	-721.206	511.04	1735.3	7.39166	513.764	1868.99
1	-727.278	515.671	1735.63	8.93845	521.076	1870.16
1	-725.489	532.868	1739.96	9.66203	533.057	1871.42
1	-729.252	536.296	1739.05	6.82216	537.691	1874.22
1	-731.286	546.361	1740.06	9.40072	543.671	1873.11
1	-733.534	551.989	1738.32	8.90751	560.837	1878.64
1	-739.065	557.982	1737.69	6.45212	569.405	1880.5
1	-741.098	565.092	1741.71	4.26274	578.348	1885.5
1	-737.972	572.898	1744.11	5.52521	581.911	1884.25
1	-741.361	577.058	1746.91	0.817215	588.215	1887.41
1	-740.517	579.238	1745.16	3.98573	596.757	1888.53
1	-739.195	582.014	1748.72	-0.564282	596.69	1884.2
1	-739.445	584.974	1752.21	0.95375	598.961	1882.82
1	-739.885	588.386	1754.68	3.86702	601.183	1879.89
1	-740.247	583.835	1751.79	1.12422	602.393	1878.95
1	-741.152	593.026	1757.92	1.0165	603.379	1877.57
1	-738.667	593.322	1757.62	3.79637	606.959	1877.09
1	-736.33	595.068	1759.66	6.18393	612.001	1878.38
1	-739.369	589.312	1759.21	2.45129	610.36	1879.01
1	-742.475	582.497	1758.16	5.33519	610.969	1879.25
1	-746.766	581.617	1763.03	5.54613	606.368	1878.9
1	-742.993	577.655	1760.63	6.90469	601.556	1878.31
1	-742.375	572.337	1762.18	1.19291	593.878	1878.36
1	-744.97	563.885	1756.51	6.54045	587.789	1873.52
1	-748.563	564.024	1759	7.49823	584.086	1872.7
1	-749.9	549.01	1754.72	5.58924	577.547	1870.58
1	-755.629	538.561	1757.15	8.30453	571.305	1868.5
1	-752.783	527.098	1754.67	11.0225	565.548	1863.68
1	-743.685	519.047	1752.88	9.27312	549.609	1861.31
1	-746.558	518.53	1758.1	9.5024	538.904	1856.98
1	-741.134	510.958	1755.8	10.6872	529.548	1853.19
1	-735.237	502.241	1755.2	11.0898	522.511	1853.46
1	-734.134	498.771	1756.03	8.79053	513.963	1850.36
1	-732.523	491.071	1754.6	9.18258	504.602	1849.06
1	-730.207	482.021	1753.67	10.4019	501.907	1850.64
1	-729.217	474.817	1752.07	13.3151	491.188	1850.26
1	-726.573	471.705	1749.28	11.3439	478.111	1846.82
1	-726.389	470.362	1753.61	6.84536	465.635	1844.79
1	-715.625	444.682	1741.24	9.65769	449.745	1839.3
1	-714.543	438.806	1737.74	8.46103	438.731	1838.46
1	-710.983	439.627	1739.28	3.14968	433.003	1840.26
1	-707.179	432.127	1736.46	3.06563	426.238	1840.34
1	-707.204	422.269	1733.44	-1.91153	416.84	1839.38
1	-704.642	411.981	1729.08	-7.83509	408.788	1839.08
1	-700.669	405.883	1728.44	-7.89119	401.95	1836.7
1	-696.2	399.145	1724.25	-12.3068	396.768	1836.58
1	-695.778	389.028	1720.31	-16.1035	385.49	1833.47
1	-695.982	379.41	1718.11	-13.6605	379.956	1830.15
1	-694.456	375.084	1714.96	-16.3113	375.924	1834.14
1	-694.282	366.716	1710.09	-19.8299	371.817	1831.74
1	-689.778	360.8	1710.55	-23.2504	364.687	1830.16
1	-690.636	354.334	1711.02	-26.4418	354.762	1825.86
1	-691.139	348.781	1710.25	-24.7649	342.752	1823.37
1	-693.288	344.312	1710.9	-23.2267	333.503	1821.43
1	-693.001	340.917	1711.14	-23.4165	332.555	1818.47
1	-689.231	337.366	1710.26	-23.6372	329.265	1817.23
1	-684.855	331.88	1710.71	-22.7675	326.902	1813.53
1	-682.873	328.247	1708.98	-25.9139	321.979	1816.11
1	-681.63	324.713	1709.95	-26.6039	319.099	1813.59
1	-681.773	321.774	1709.76	-25.3859	318.274	1811.72
1	-676.987	320.391	1711.8	-23.6938	320.601	1811.5
1	-674.469	317.536	1709.18	-26.6106	322.263	1813.14
1	-673.334	322.883	1710.85	-23.5058	324.587	1811.46
1	-671.362	324.356	1711.3	-27.7349	324.106	1813.6
1	-673.802	323.235	1712.12	-22.2113	327.026	1813.96
1	-670.811	324.38	1711.59	-26.4412	325.241	1814.68
1	-669.966	325.591	1712.13	-24.9807	325.706	1815.18
1	-673.298	326.009	1712.04	-26.3356	327.213	1815.01
1	-672.838	326.302	1709.74	-23.9856	327.7	1815.69
1	-675.33	328.493	1708.99	-26.2394	327.38	1817.02
1	-675.843	329.06	1709.22	-21.6411	329.978	1816.84
1	-675.557	334.556	1706.25	-24.8125	335.289	1819.31
1	-677.767	338.298	1704.99	-19.9116	342.329	1822.07
1	-677.853	346.642	1705.04	-16.9553	350.977	1822.23
1	-680.724	354.373	1703.21	-15.865	360.67	1820.64
1	-680.3	362.554	1705.11	-19.5188	366.641	1824.26
1	-677.596	369.149	1705.31	-19.3968	373.327	1828.05
1	-683.347	372.933	1703.14	-20.1347	382.437	1825.33
1	-686.715	387.969	1702.36	-19.6637	391.779	1827.24
1	-687.566	395.768	1703.7	-15.6842	401.609	1825.89
1	-691.765	405.624	1703.67	-15.027	414.455	1831.56
1	-694.1	413.573	1704.42	-12.0869	427.781	1835.22
1	-697.441	421.715	1703.72	-9.611	436.634	1836.6
1	-699.574	432.569	1706.27	-6.49356	441.704	1835.78
1	-704.216	445.717	1705.37	-3.93418	454.114	1841.05
1	-706.359	455.872	1708.39	-5.23843	465.05	1844.61
1	-714.232	461.406	1708.67	-6.51572	474.884	1845.56
1	-716.618	469.956	1712.94	-7.6952	481.596	1848.24
1	-718.119	476.401	1711.26	-7.94188	485.719	1852.59
1	-723.623	494.564	1715.35	-5.27755	496.593	1857.27
1	-722.394	496.99	1715.65	-2.97776	508.864	1861.12
1	-727.547	501.308	1713.58	-1.42273	518.682	1866.71
1	-731.5	518.257	1719.57	-0.494501	525.524	1873.07
1	-730.962	521.498	1720.48	-0.286756	533.364	1874.49
1	-731.554	535.985	1730.11	1.06855	538.689	1877.95
1	-733.286	546.181	1732.07	3.25916	557.765	1882.44
1	-736.217	552.47	1733.5	4.64802	563.424	1883.98
1	-736.195	563.203	1739.56	4.40859	567.378	1885.53
1	-739.774	576.604	1744.72	4.64214	573.592	1889.3
1	-737.406	579.627	1743.03	6.03531	583.206	1890.89
1	-735.761	585.556	1743.18	5.27975	589.339	1890.94
1	-735.403	596.256	1746.94	5.70542	595.55	1890.34
1	-738.62	603.809	1749.98	8.55178	604.774	1894.37
1	-740.341	612.159	1752.91	9.63595	614.677	1895.26
1	-737.115	618.883	1752.53	12.2246	620.797	1896.04
1	-736.794	618.984	1753.55	11.3297	624.615	1897.79
1	-740.944	617.065	1755.2	11.7315	625.4	1893.52
1	-740.916	617.385	1751.79	13.4554	627.875	1893.29
1	-746.324	623.068	1757.31	12.782	622.515	1891.25
1	-744.078	613.168	1756.35	12.942	623.194	1890.27
1	-743.003	606.732	1752.99	12.1806	621.207	1890.05
1	-745.017	606.014	1752.05	11.6877	617.16	1889.71
1	-745.453	606.013	1753.54	11.4112	613.389	1888.98
1	-748.66	602.027	1754.25	12.0616	608.66	1887.86
1	-747.345	598.437	1755.02	11.5868	598.419	1883.75
1	-745.684	592.074	1752.03	9.887	593.925	1882.66
1	-744.342	580.919	1752.61	8.48783	588.599	1880.83
1	-744.056	573.025	1751.83	9.8564	578.214	1873.92
1	-741.542	562.202	1747.31	9.77694	571.038	1873.2
1	-742.802	561.599	1750.54	10.2778	552.856	1868.02
1	-741.852	555.137	1748.78	7.78322	539.6	1862.94
1	-740.255	546.098	1748.4	7.73795	532.787	1863.04
1	-734.749	535.677	1747.3	9.73095	524.373	1861.03
1	-727.95	518.626	1742.61	8.19247	508.818	1856.25
1	-727.707	513.535	1740.51	8.5056	500.641	1856.59
1	-720.714	511.916	1742.9	5.32485	496.236	1856.33
1	-719.093	505.809	1744.18	12.3507	488.026	1857.59
1	-709.367	491.791	1739.98	7.98279	473.77	1857.17
1	-705.089	479.856	1738.87	4.36312	461.363	1855.47
1	-703.233	468.585	1739.1	7.54067	453.839	1853.02
1	-701.593	453.46	1735.14	7.03011	442.451	1851.67
1	-698.721	440.921	1731.53	4.21951	432.951	1853.79
1	-695.497	439.174	1731.56	2.10592	421.584	1850.46
1	-691.198	434.351	1731.58	-0.351851	412.982	1847.63
1	-689.956	427.814	1727.27	-2.42224	405.496	1846.44
1	-685.466	418.22	1723.03	-5.95188	392.261	1841.6
1	-685.928	406.397	1722.83	-10.3812	382.984	1837.58
1	-687.86	398.443	1722.85	-12.979	377.364	1834.01
1	-687.266	394.142	1721.83	-19.9126	371.865	1834.84
1	-686.249	389.225	1722.7	-21.3337	369.957	1831.29
1	-688.344	380.651	1721.25	-22.338	361.935	1830.15
1	-692.438	371.647	1714.23	-27.4326	356.63	1827.52
1	-690.923	364.34	1712.03	-27.1655	346.805	1819.45
1	-687.892	354.127	1709.02	-25.6116	342.205	1813.71
1	-682.776	348.524	1709.36	-29.8167	338.259	1811.58
1	-680.278	344.693	1708.69	-29.736	332.366	1806.9
1	-678.861	341.324	1711.56	-29.3802	321.959	1806.64
1	-678.385	336.264	1707.64	-28.2344	319.315	1806.16
1	-676.204	334.233	1709.39	-29.0376	317.802	1805.18
1	-673.792	328.08	1710.33	-23.3303	317.181	1806.84
1	-672.14	325.777	1711.28	-25.5976	308.477	1806.15
1	-668.778	322.101	1709.25	-24.3621	314.647	1806.02
1	-671.168	319.232	1709.4	-20.5139	315.784	1806.39
1	-671.345	318.738	1709.19	-21.6303	317.765	1807.71
1	-671.084	316.958	1705.9	-24.8195	317.291	1807.77
1	-671.479	321.669	1707.21	-23.8183	320.614	1806.45
1	-675.122	321.631	1704.21	-24.6359	324.939	1805.54
1	-677.381	324.49	1701.81	-23.7963	326.672	1809.28
1	-678.134	323.675	1698.71	-23.864	326.015	1807.7
1	-681.286	329.232	1700.03	-26.3079	328.339	1809.42
1	-679.004	334.805	1701.64	-21.8822	331.576	1805.87
1	-681.153	338.87	1698.55	-23.6759	338.274	1809.45
1	-680.982	350.779	1699.64	-23.1971	346.839	1811.43
1	-684.296	360.008	1698.31	-22.2982	353.657	1814.45
1	-685.288	364.711	1697.51	-22.2672	365.428	1815.99
1	-685.435	371.614	1696.76	-19.7164	375.009	1816.64
1	-686.335	382.358	1698.4	-14.6927	381.439	1815.79
1	-687.788	392.622	1698.54	-16.9121	385.093	1816.7
1	-694.068	402.973	1698.87	-3.97871	395.947	1813.52
1	-700.009	412.135	1696.87	-2.45615	404.432	1817.07
1	-709.134	417.694	1696.96	-2.86574	412.397	1819.4
1	-716.201	426.814	1697.03	-2.7727	417.687	1819.49
1	-721.822	443.123	1697.07	2.05987	429.523	1822.68
1	-724.731	445.829	1692.54	4.14406	442.834	1824.67
1	-725.296	462.335	1694.76	2.70568	458.871	1828.54
1	-730.279	476.434	1696.61	6.27559	467.806	1830.14
1	-730.073	488.103	1697.01	11.659	476.718	1831.34
1	-730.367	498.909	1700.05	12.5209	484.615	1832.36
1	-734.294	508.834	1704.4	11.402	489.923	1836.23
1	-735.22	516.349	1707.44	13.4568	499.811	1839.86
1	-735.802	519.8	1711.69	16.961	508.526	1840.71
1	-738.536	531.615	1714.42	12.6174	512.524	1844.8
1	-747.232	541.39	1716.89	10.5248	516.428	1846.24
1	-750.898	549.6	1723.48	12.1945	528.192	1849.11
1	-748.285	550.855	1723.03	15.784	535.974	1850.21
1	-744.514	559.376	1727.77	15.8484	538.666	1852.41
1	-743.132	566.122	1731.81	14.1645	542.972	1851.56
1	-747.524	578.598	1732.37	15.2694	552.327	1856.66
1	-748.335	586.71	1733.49	11.0288	567.722	1861.02
1	-750.707	592.574	1738.31	13.3043	574.706	1862.31
1	-749.092	596.386	1740.01	11.3643	581.458	1865.8
1	-749.257	601.626	1739.82	10.8145	586.554	1868.63
1	-751.466	607.51	1741.55	10.672	591.768	1871.57
1	-758.222	612.134	1746.49	10.3302	599.683	1873.98
1	-755.475	621.309	1747.34	12.0199	604.353	1875.22
1	-760.335	629.431	1746.97	13.3897	607.215	1873.59
1	-760.634	621.146	1745.09	8.85957	607.336	1875.16
1	-761.11	618.719	1744.88	12.3905	607.858	1872.87
1	-763.741	620.685	1745.78	11.2731	604.505	1871.89
1	-765.082	616.915	1748.07	8.96178	598.575	1871.46
1	-758.431	611.732	1745.95	7.27945	591.872	1867.73
1	-759.722	608.082	1746.62	8.61765	583.06	1862.55
1	-762.219	603.92	1745.17	10.9556	579.172	1861.92
1	-758.807	598.814	1744.52	11.3036	573.228	1858.23
1	-758.044	587.452	1743.96	11.0991	569.08	1857.6
1	-755.876	578.244	1743.63	14.8262	552.222	1848.97
1	-753.317	568.342	1740.42	13.8163	536.21	1846.82
1	-752.497	561.514	1739.18	9.04872	524.779	1848.47
1	-750.778	553.009	1744.36	13.6719	522.746	1844.6
1	-742.117	532.62	1735.62	12.2781	518.242	1847.87
1	-741.046	524.314	1732.12	11.225	500.163	1844.56
1	-734.62	519.176	1733.25	8.97329	486.443	1842.37
1	-726.853	510.875	1732.39	10.5613	481.28	1839.67
1	-725.45	501.314	1735	9.45493	470.472	1837.82
1	-720.321	489.182	1731.72	8.20891	461.916	1835.28
1	-710.471	476.007	1728.71	4.52998	455.605	1837.53
1	-705.356	464.201	1725.99	4.38052	443.248	1834.61
1	-704.423	455.387	1727.32	3.92229	431.369	1832.31
1	-702.107	444.99	1724.72	5.9536	421.132	1825.63
1	-700.173	432.76	1719.9	2.7807	415.619	1827.23
1	-699.175	422.763	1714.68	1.98408	407.281	1823.93
1	-701.094	419.563	1715.34	-2.80832	396.464	1824.48
1	-700.574	415.666	1715.57	-4.48963	386.516	1823.42
1	-694.013	406.784	1711.62	-5.84596	371.468	1818.1
1	-690.499	394.166	1710.75	-8.58596	367.24	1820.3
1	-690.755	380.838	1703.83	-11.1538	357.906	1817.37
1	-688.912	374.145	1702.31	-12.1298	352.123	1816.91
1	-692.2	366.708	1702.47	-15.0395	345.026	1818.47
1	-693.339	358.893	1701.86	-16.4404	333.812	1815.67
1	-693.902	351.352	1704.48	-19.8098	329.932	1816.15
1	-690.87	341.292	1703.75	-18.3037	323.755	1814.5
1	-689.167	330.369	1704.55	-18.2018	317.994	1814.33
1	-689.958	322.995	1702.47	-19.7299	315.49	1814.31
1	-690.719	318.915	1702.8	-21.9341	308.249	1811.33
1	-689.948	317.113	1702.29	-21.4508	306.627	1809.61
1	-690.832	315.873	1701.32	-20.1789	306.315	1808.03
1	-690.673	315.328	1699.35	-22.7757	306.053	1808.01
1	-686.064	315.946	1695.29	-19.1049	317.067	1809.1
1	-687.452	314.246	1691.78	-19.4319	320.336	1807.42
1	-688.198	316.795	1689.99	-18.7831	322.052	1807.46
1	-683.332	318.268	1690.94	-20.8605	323.793	1806.89
1	-684.147	319.842	1691.89	-18.2598	326.6	1807.54
1	-686.775	322.055	1689.87	-20.7056	326.078	1810.2
1	-685.615	321.753	1692.25	-20.9643	326.659	1810.59
1	-685.047	321.533	1692.35	-23.5193	324.895	1812.2
1	-686.063	322.668	1693.75	-19.5669	324.792	1809.54
1	-687.879	326.113	1690.08	-21.5832	325.223	1810
1	-689.88	332.491	1691.04	-19.3724	327.897	1810.03
1	-693.331	338.312	1690.66	-23.9659	329.964	1811.53
1	-693.567	345.79	1688.02	-20.5478	332.246	1813.61
1	-693.856	349.68	1687.45	-17.4048	339.006	1814.82
1	-691.186	353.527	1688.11	-15.6921	343.084	1810.98
1	-688.597	357.215	1688.77	-12.4008	353.329	1815.66
1	-688.771	364.273	1688.3	-9.33673	358.98	1813.32
1	-687.841	368.067	1687.19	-7.41081	365.795	1816.3
1	-691.355	370.794	1684.66	-8.65565	376.868	1820.62
1	-699.389	390.422	1689.52	-6.10069	386.903	1821.66
1	-705.835	403.391	1691.82	-5.13708	396.17	1823.66
1	-706.543	411.717	1692.31	-4.67247	409.161	1826.47
1	-705.959	417.419	1693.82	-5.68583	418.292	1828.55
1	-714.017	422.603	1693.62	-2.13587	424.341	1829.72
1	-714.613	433.032	1694.79	0.40399	431.273	1829.45
1	-723.436	446.328	1695.04	4.63482	446.464	1833.07
1	-725.943	456.337	1694.56	2.79513	457.651	1838.59
1	-726.48	467.354	1697.77	5.94082	464.547	1837.23
1	-729.677	476.159	1699.02	7.16732	470.079	1839.46
1	-734.739	488.041	1701.86	6.90027	480.451	1843.83
1	-736.259	498.604	1708.44	6.7585	485.609	1842.8
1	-743.643	508.244	1712.24	7.28148	490.7	1846.17
1	-740.586	514.615	1715.39	8.55774	503.414	1850.05
1	-743.242	522.4	1719.6	9.94077	510.905	1850.78
1	-746.185	534.369	1724.84	15.9546	523.953	1851.69
1	-750.357	543.357	1728.67	12.1626	526.916	1855.39
1	-754.119	554.208	1733.2	8.23016	531.257	1858.16
1	-755.957	561.702	1736.25	9.60282	539.164	1859.07
1	-759.215	567.906	1741.6	5.03087	547.501	1861.49
1	-758.419	573.709	1740.97	2.07316	555.851	1865.44
1	-756.32	581.361	1744.66	3.05329	562.482	1868.34
1	-760.257	589.357	1747.35	0.608595	567.72	1870.42
1	-760.841	594.243	1746.85	-0.203825	572.975	1870.96
1	-763.345	597.271	1752.01	-1.72464	572.156	1868.29
1	-759.606	598.287	1753.62	-4.24382	572.104	1869.22
1	-751.191	597.849	1753.73	-3.54189	572.448	1867.68
1	-754.67	599.465	1755.84	-5.82328	576.661	1870.82
1	-757.025	600.776	1759.06	-10.2922	578.838	1874.28
1	-756.864	601.556	1761.84	-9.23589	578.581	1875.58
1	-755.034	594.643	1758.74	-11.7268	574.21	1875.01
1	-753.91	589.084	1758.52	-6.76715	575.544	1872.31
1	-750.125	586.643	1759.54	-3.34067	567.893	1865.81
1	-749.898	583.899	1758.04	-4.40438	566.108	1868.93
1	-752.285	577.476	1756.77	-2.04365	558.532	1865.74
1	-750.301	571.083	1755.85	2.66404	555.409	1865.28
1	-745.536	561.176	1753.11	5.71233	548.39	1861.38
1	-741.993	550.697	1751.84	8.18049	540.342	1861.41
1	-740.889	538.494	1747.28	7.46391	527.304	1857.31
1	-742.138	527.19	1743.72	13.8546	518.544	1853.47
1	-740.658	519.005	1742.71	10.0489	500.842	1852.98
1	-739.588	511.912	1741.45	15.7183	492.631	1849.53
1	-737.932	501.833	1735.87	17.9651	483.711	1842.76
1	-736.222	491.536	1731.02	19.1349	474.274	1839.55
1	-732.457	482.094	1730.06	21.4225	467.024	1840.22
1	-727.654	465.39	1723.38	19.4663	451.128	1838.52
1	-725.782	451.567	1719.78	18.6688	439.129	1829.88
1	-722.442	440.575	1715.17	17.102	427.676	1829.61
1	-720.158	433.078	1711.63	19.8968	418.913	1824.89
1	-719.236	429.292	1712.53	14.4922	405.239	1819.15
1	-717.731	423.026	1707.27	12.2625	398.041	1818.24
1	-716.775	419.324	1707.02	6.10004	387.889	1819.14
1	-705.961	414.506	1706.29	3.87362	377.871	1816.8
1	-699.025	406.17	1707.22	-2.23911	372.818	1818.94
1	-699.936	399.373	1705.44	-5.59643	364.417	1818.67
1	-699.638	390.497	1704.89	-9.83145	360.251	1818.54
1	-697.892	375.854	1704.4	-9.46337	356.76	1819.91
1	-694.98	368.067	1704.52	-13.668	348.059	1818.01
1	-693.945	358.368	1704	-19.2211	341.173	1820.69
1	-690.233	348.158	1705.13	-22.363	335.308	1820.77
1	-690.572	345.422	1703.73	-25.1554	333.247	1821.54
1	-690.976	339.356	1702.29	-23.0795	329.155	1816.97
1	-695.046	333.098	1703.52	-27.7591	325.306	1818.31
1	-696.136	323.618	1700.31	-29.4016	317.73	1817.69
1	-695.567	314.502	1701.01	-27.0052	316.984	1813.54
1	-696.07	310.638	1699.34	-28.1769	316.906	1811.92
1	-694.918	310.147	1696.27	-18.2279	320.923	1806.73
1	-695.99	313.076	1696.82	-20.6117	321.7	1806.96
1	-696.292	314.256	1696.55	-23.9792	325.97	1809.88
1	-695.101	316.001	1697.74	-25.4871	328.931	1811.96
1	-691.553	315.823	1699.47	-27.1711	329.554	1811.92
1	-689.517	316.151	1697.86	-26.0409	328.637	1810.2
1	-689.948	319.734	1698.7	-31.9781	328.278	1815.19
1	-689.901	325.254	1697.52	-29.2925	330.976	1812.49
1	-692.308	326.103	1698	-28.3617	334.452	1813.56
1	-693.186	328.021	1696.67	-24.2103	336.133	1811.12
1	-697.548	332.594	1696.88	-25.8128	338.299	1810.4
1	-698.653	335.9	1695.47	-26.6851	341.436	1813.14
1	-696.548	339.101	1692.44	-24.2531	347.146	1815.15
1	-697.665	344.862	1688.1	-23.4004	354.816	1817.65
1	-698.051	354.05	1686.34	-20.6359	361.083	1816.4
1	-699.929	361.952	1682.79	-20.2707	369.189	1816.29
1	-698.784	364.132	1680.71	-15.0475	377.403	1816.4
1	-697.663	368.568	1681.8	-13.7256	381.817	1816.7
1	-703.489	376.989	1678.83	-10.6788	387.063	1815.47
1	-709.892	390.773	1682.24	-5.80101	406.142	1819.87
1	-713.748	401.438	1683.2	2.95636	421.6	1818.2
1	-717.327	410.737	1683.23	8.82254	430.474	1818.93
1	-718.31	421.801	1684.82	8.14509	436.971	1823.52
1	-722.834	431.747	1689.41	7.21419	440.639	1822.96
1	-727.69	444.238	1689.99	8.50094	443.384	1824.84
1	-732.216	452.673	1692.04	12.8448	452.905	1826.42
1	-734.385	460.098	1696.6	13.1664	462.037	1830.23
1	-739.058	468.132	1699.22	17.287	471.638	1832.02
1	-745.479	476.612	1702.01	19.5262	490.438	1839.61
1	-744.782	494.409	1707.84	18.8802	502.967	1845.16
1	-749.341	508.855	1712.47	19.8219	509.962	1847.13
1	-752.135	518.551	1719.27	16.956	512.452	1846.45
1	-752.667	527.474	1717.57	15.3752	525.846	1852.26
1	-752.536	532.395	1719.1	18.0277	533.712	1854.36
1	-752.233	537.873	1718.93	15.2398	534.585	1854.4
1	-754.73	542.94	1717.82	16.7186	538.094	1854.09
1	-756.705	550.673	1719.16	15.9782	541.561	1855.6
1	-758.955	563.931	1722.34	14.7561	545.169	1852.82
1	-759.117	571.754	1725.89	16.0958	551.362	1853.8
1	-760.659	580.483	1726.36	12.3597	564.975	1856.71
1	-761.307	588.389	1731.9	12.332	574.331	1858.93
1	-764.45	596.1	1731.33	8.02782	580.765	1861.25
1	-763.371	596.846	1727.36	10.16	588.597	1863.12
1	-763.649	602.521	1730.51	8.35187	591.128	1865.03
1	-765.702	605.293	1730.49	9.53779	593.094	1864.09
1	-766.819	610.687	1731.26	3.77543	595.58	1866.14
1	-765.61	621.448	1734.55	6.66912	599.339	1862.76
1	-770.154	626.628	1735.73	3.93924	604.522	1863.15
1	-765.472	639.108	1740.76	5.69686	610.826	1865.38
1	-764.415	648.875	1747.29	4.01599	619.071	1866.8
1	-752.987	623.021	1738.37	4.69238	614.524	1861.19
1	-750.258	621.845	1739.02	4.05303	610.578	1859.64
1	-751.52	619.979	1738.85	2.84518	612.189	1859.8
1	-752.587	612.557	1736.99	6.84402	612.607	1861.48
1	-751.453	611.341	1738.05	7.27084	610.894	1858.51
1	-754.884	611.286	1738.45	8.66645	605.923	1859.92
1	-760.055	608.983	1736.87	7.64928	602.531	1859.17
1	-748.49	599.404	1732.37	7.9049	595.966	1858.74
1	-749.338	597.437	1735.19	8.95456	592.982	1860.1
1	-749.571	593.451	1733.17	12.1517	584.142	1854.63
1	-749.359	593.584	1735.31	13.3699	578.41	1852.08
1	-745.67	584.862	1735.21	13.5215	569.72	1848.63
1	-741.869	573.489	1737.59	16.9178	555.815	1845.99
1	-737.239	559.348	1734.09	14.9486	538.272	1843.33
1	-728.262	548.999	1736.3	14.9335	528.485	1840.67
1	-719.745	545.682	1738.32	11.4454	519.236	1839.02
1	-714.673	537.101	1736.87	11.5154	516.506	1837.8
1	-717.256	526.308	1734.14	11.6664	511.49	1835.28
1	-718.913	518.257	1730.89	10.4751	506.529	1833.93
1	-713.204	508.438	1728.43	7.48584	496.372	1832.99
1	-700.758	504.296	1728.72	8.28187	485.085	1829.07
1	-698.449	487.14	1722.88	6.99606	475.226	1826.77
1	-697.378	475.476	1719.8	2.8184	463.043	1823.99
1	-694.478	469.195	1717.63	1.17949	458.375	1824.48
1	-695.665	465.856	1720.2	-0.0219585	451.507	1823.92
1	-694.163	460.363	1719.5	-4.28987	443.396	1822
1	-689.311	447.096	1717.07	-10.8245	434.989	1820.11
1	-686.791	437.149	1716.54	-14.9922	429.924	1818.38
1	-683.029	431.33	1716.02	-20.6197	422.689	1820.93
1	-683.135	430.568	1718.44	-26.4306	415.063	1819.46
1	-680.584	427.275	1716.07	-29.4457	408.171	1816.69
1	-677.745	419.089	1716.55	-30.0932	401.285	1815.12
1	-675.604	408.136	1713.93	-38.0136	393.781	1814.96
1	-673.954	401.611	1711.53	-43.2076	391.751	1814.1
1	-673.656	397.39	1707.85	-44.4801	389.184	1809.68
1	-675.328	391.561	1703.75	-51.878	382.937	1806.37
1	-674.469	392.622	1704.28	-52.1684	378.743	1805.15
1	-673.831	386.708	1707.73	-50.4256	370.865	1803.43
1	-671.818	376.021	1705.21	-51.1893	366.461	1799.82
1	-669.794	370.374	1706.69	-54.9239	361.926	1800.26
1	-669.626	366.196	1706.33	-55.6527	359.076	1797.78
1	-665.866	363.592	1707.13	-58.0662	359.033	1796.5
1	-667.364	357.471	1702.68	-57.3131	357.078	1793.1
1	-666.688	356.319	1701.54	-57.3019	355.258	1789.65
1	-664.632	357.031	1703.45	-56.4754	352.699	1785.06
1	-666.99	355.101	1703.15	-61.4517	347.211	1787.03
1	-665.995	353.396	1701.89	-59.386	344.355	1784.57
1	-667.361	353.85	1701.3	-59.2298	346.973	1784.37
1	-667.482	353.455	1700.62	-61.6642	348.174	1787.56
1	-668.839	356.159	1703.95	-61.2371	353.142	1786.43
1	-668.82	359.61	1706.3	-58.8333	350.319	1788.94
1	-669.782	361.176	1703.66	-59.8931	346.756	1789.03
1	-664.049	361.973	1705.92	-62.3	354.719	1791.32
1	-661.942	362.923	1709.17	-59.7248	359.307	1788.65
1	-665.04	365.939	1704.91	-62.8262	363.049	1790.38
1	-667.423	371.381	1706.47	-61.4997	369.355	1792.57
1	-669.579	374.764	1704.47	-61.9244	376.816	1795.38
1	-670.729	382.45	1704.62	-62.0817	387.207	1799.52
1	-672.887	389.663	1705.05	-65.2094	393.854	1801.66
1	-671.992	396.548	1703.24	-58.4388	401.795	1802.62
1	-672.318	408.756	1703.95	-57.1498	415.829	1805.63
1	-675.983	418.553	1704.59	-56.4052	423.745	1806.86
1	-678.67	432.172	1706.86	-56.3759	432.269	1809.75
1	-683.13	440.144	1705.98	-53.822	439.169	1809.74
1	-687.156	451.124	1708.99	-54.7277	452.271	1811.38
1	-688.67	458.943	1707.54	-55.0286	463.489	1814.03
1	-689.648	466.228	1707.26	-52.1555	474.202	1813.72
1	-687.745	476.345	1707.73	-52.8422	487.654	1815.78
1	-685.865	484.068	1708.05	-53.4751	496.53	1820.06
1	-693.417	503.467	1712.06	-54.4748	505.539	1823.64
1	-696.92	512.21	1713.71	-53.3999	514.308	1827.06
1	-699.02	521.513	1713.16	-54.7325	520.311	1827.61
1	-697.081	532.2	1713.95	-53.5407	528.835	1830.42
1	-698.348	544.292	1717.78	-54.0744	535.489	1835.91
1	-699.914	556.231	1719.66	-57.363	546.087	1839.34
1	-695.152	563.397	1721.41	-56.4571	560.477	1841.45
1	-693.409	565.92	1727.36	-58.99	567.395	1842.99
1	-692.063	584.496	1733.22	-59.692	569.974	1845.79
1	-689.445	600.094	1741.72	-59.6339	580.315	1847.05
1	-686.402	602.171	1741.12	-61.8858	589.167	1851.68
1	-688.593	611.155	1742.86	-63.981	592.262	1854.52
1	-694.234	615.18	1747.13	-60.322	593.698	1850.36
1	-693.151	633.853	1749.75	-69.3998	603.673	1855.48
1	-686.564	634.053	1752.47	-69.5229	608.909	1855.57
1	-696.494	650.629	1757.94	-67.2369	622.285	1857.12
1	-696.265	654.307	1760.64	-68.1947	632.347	1856.49
1	-695.326	642.003	1752.47	-63.7938	639.513	1852.48
1	-694.19	648.606	1756.46	-61.6155	646.183	1849.01
1	-693.478	647.372	1752.53	-61.4468	646.787	1854.34
1	-690.519	648.708	1753.82	-57.9383	647.235	1853.63
1	-696.068	639.408	1748.74	-55.2441	647.184	1852.26
1	-695.147	637.207	1751.12	-48.4968	637.393	1842.21
1	-694.702	638.731	1750.28	-49.3242	625.953	1847.03
1	-700.091	625.64	1744.03	-48.618	625.699	1843.05
1	-702.182	624.69	1744.93	-44.6947	622.504	1839.74
1	-707.325	622.719	1745.97	-40.3898	613.074	1841.22
1	-709.945	613.507	1745.78	-41.8697	604.012	1838.97
1	-718.006	608.37	1742.09	-43.0985	595.118	1839.47
1	-719.898	603.983	1747.53	-38.7078	589.033	1839.18
1	-726.047	590.48	1740.36	-36.5621	580.604	1838.01
1	-722.241	582.007	1741.32	-35.9949	566.15	1835.24
1	-718.843	567.975	1734.66	-34.5749	560.546	1832.87
1	-721.395	557.887	1730.07	-31.8791	553.96	1830
1	-720.127	553.379	1730.35	-30.3878	543.742	1826.22
1	-721.155	547.851	1725.44	-28.0189	534.891	1824.61
1	-725.049	537.594	1722.08	-23.6857	530.503	1823.62
1	-724.603	525.237	1716.54	-18.4496	519.126	1818.12
1	-723.218	518.068	1714.92	-18.7077	508.655	1817.17
1	-721.864	506.793	1704.88	-21.0692	500.642	1814.64
1	-722.303	493.877	1703.52	-18.3812	493.517	1813
1	-720.649	486.804	1700.99	-19.4705	490.028	1811.5
1	-718.612	477.659	1697.63	-20.2631	480.617	1814.58
1	-716.639	471.771	1695.46	-21.1551	471.801	1812.52
1	-712.588	468.439	1699.39	-26.1292	454.654	1809.6
1	-710.684	460.705	1699.36	-30.0594	441.613	1807.13
1	-706.082	451.898	1699.28	-26.5834	431.929	1802.55
1	-701.903	436.646	1698.77	-30.7764	428.064	1800.66
1	-698.329	429.196	1701.58	-30.8064	421.917	1799.2
1	-695.76	423.909	1699.98	-31.0013	411.905	1796.97
1	-694.333	415.37	1702.61	-32.3394	407.773	1796.45
1	-693.432	408.853	1701.83	-31.0115	400.576	1795.95
1	-695.015	400.846	1702.14	-27.9554	393.926	1795.47
1	-698.052	398.803	1705.44	-28.3745	386.061	1790.15
1	-699.501	394.646	1703.93	-34.1278	380.893	1791.57
1	-698.794	387.527	1704.74	-35.9512	368.024	1789.03
1	-702.661	378.915	1703.8	-35.8028	361.697	1787.79
1	-700.019	369.337	1700.81	-30.3672	359.94	1787.65
1	-700.405	369.16	1702.22	-31.8218	353.028	1786.29
1	-701.384	365.789	1697.4	-33.8245	354.379	1788.54
1	-702.22	365.724	1695.77	-35.8026	357.01	1788.81
1	-703.354	361.714	1698.65	-36.2342	353.533	1788.39
1	-703.057	351.98	1696.43	-37.2842	350.356	1787.94
1	-704.401	347.562	1694.33	-36.9154	349.258	1787.39
1	-708.158	346.731	1695.09	-38.5688	347.674	1787.59
1	-708.243	346.799	1694.62	-37.3729	348.527	1783.57
1	-708.684	346.678	1693.5	-35.7865	351.316	1785.93
1	-707.854	347.066	1692.36	-36.8826	348.978	1786.31
1	-706.065	348.018	1693.8	-34.995	354.543	1787.37
1	-703.021	348.563	1695.61	-34.3534	360.285	1789.63
1	-705.452	355.021	1691.91	-30.2577	363.286	1789.65
1	-706.508	357.406	1692.34	-31.7238	367.724	1793.17
1	-705.4	361.337	1690.56	-31.0491	375.6	1793.95
1	-708.743	368.943	1688.62	-26.8476	389.959	1795.6
1	-712.5	377.444	1687.57	-25.8646	397.198	1799.73
1	-720.948	389.204	1688.52	-19.8806	401.475	1799.45
1	-724.013	401.471	1689.26	-17.5106	409.121	1800.69
1	-726.494	408.645	1687.33	-15.2496	415.236	1799.94
1	-724.839	415.599	1685.83	-10.7454	424.435	1801.02
1	-728.366	423.576	1686.34	-6.37129	436.813	1799.8
1	-732.872	434.76	1685.56	-4.61313	446.942	1803.88
1	-736.108	449.697	1687.28	2.48523	456.584	1805.15
1	-738.009	464.676	1688.84	9.04212	464.831	1805.62
1	-739.41	476.367	1692.12	9.0768	475.616	1811.17
1	-743.689	486.666	1694.2	9.01927	482.132	1813.09
1	-747.015	495.889	1693.05	9.78555	491.379	1814.5
1	-749.271	509.081	1694.74	12.316	495.977	1815.95
1	-752.87	522.289	1700.04	14.8433	503.659	1817.29
1	-754.178	532.621	1701.4	20.1204	511.798	1817.8
1	-754.642	536.888	1702.58	15.8693	524.977	1823.65
1	-755.909	542.093	1701.45	18.5244	531.664	1825.17
1	-758.888	557.398	1706.06	19.7448	542.719	1824.79
1	-757.149	572.678	1711.29	18.2489	550.413	1827.27
1	-763.328	582.55	1717.51	18.2227	558.731	1828.81
1	-764.268	588.64	1721.84	15.1604	566.706	1830.9
1	-768.1	593.112	1721.58	13.4319	576.387	1836.96
1	-765.334	599.484	1724.07	10.3591	582.833	1840.15
1	-764.72	609.335	1726.09	12.7772	591.689	1841.58
1	-761.426	620.546	1729.24	8.43917	601.195	1845.47
1	-757.285	623.932	1729.93	10.5193	609.784	1843.96
1	-761.439	640.544	1736.79	11.8762	617.63	1846.37
1	-761.103	642.034	1737.8	11.0703	621.975	1845.75
1	-759.83	639.503	1734.86	7.9725	624.439	1847.19
1	-753.244	643.692	1733.54	8.67003	629.2	1847.02
1	-754.912	649.455	1739.36	10.5505	629.678	1847.04
1	-754.592	648.848	1737.98	14.3343	629.98	1844.29
1	-757.814	643.949	1736.5	11.0945	631.377	1845.07
1	-760.904	638.396	1737.72	10.2892	629.752	1842.61
1	-756.855	643.936	1739.53	11.9666	629.24	1845.44
1	-757.289	647.479	1744.76	8.95769	624.074	1843.01
1	-754.563	629.619	1735.18	12.4345	619.116	1842.51
1	-753.683	618.522	1734.42	11.2266	616.558	1838.11
1	-749.551	609.01	1733.37	8.49763	608.979	1840.89
1	-748.323	603.608	1732.51	5.18039	597.049	1840.75
1	-749.288	603.817	1734.48	6.04457	580.448	1832.03
1	-745.408	596.554	1732.34	7.75008	575.865	1836.96
1	-746.437	592.687	1730.38	9.50918	568.505	1835.71
1	-750.78	588.04	1731.33	7.85544	557.611	1834.81