GRT_LABELLED_CLASSIFICATION_DATA_FILE_V1.0
DatasetName: both-hand-static-gesture-2-1-2
InfoText: Gesture Recognition For Human-Robot Interaction by Aravinth Panchadcharam <me@aravinth.info>
NumDimensions: 6
TotalNumExamples: 1200
NumberOfClasses: 1
ClassIDsAndCounters: 
2	1200	NOT_SET
UseExternalRanges: 0
Data:
2	-238.955	83.1427	1845.14	674.984	-208.859	1805.1
2	-238.702	79.6408	1843.31	674.083	-212.185	1803.3
2	-241.35	79.2986	1842	674.383	-211.738	1803.93
2	-242.395	82.6293	1844.1	675.372	-211.276	1802.1
2	-238.888	81.733	1840.54	673.007	-211.508	1800.12
2	-242.943	79.9069	1841.65	672.172	-210.339	1799.41
2	-244.633	80.8765	1842.5	672.54	-209.555	1800.23
2	-242.931	80.8265	1841.15	673.154	-211.578	1798.58
2	-237.208	79.432	1842.65	675.472	-209.18	1800.87
2	-235.23	81.1973	1846.15	672.188	-210.736	1798.53
2	-234.626	81.5117	1840.53	671.671	-210.87	1798.94
2	-232.348	82.9403	1838.86	672.704	-212.223	1798.59
2	-228.69	82.3668	1837.41	676.319	-212.007	1798.78
2	-226.391	78.0539	1832.11	674.695	-213.232	1799.01
2	-224.808	76.3782	1830.87	673.843	-212.028	1798
2	-221.534	73.6951	1835.3	673.67	-210.023	1795.38
2	-222.215	71.4338	1833.31	675.09	-210.498	1795.23
2	-223.79	71.2261	1834.78	672.309	-210.774	1795.75
2	-222.899	69.8806	1835.43	674.807	-208.987	1796.62
2	-222.827	67.8108	1837.37	674.312	-207.405	1795.57
2	-226.542	69.6866	1840.2	674.34	-206.48	1796.32
2	-230.343	68.7971	1839.63	675.38	-204.909	1799.18
2	-234.534	71.0986	1843.48	675.945	-203.572	1799.71
2	-233.163	72.5854	1845.81	675.593	-204.441	1800.42
2	-234.723	72.4655	1846.45	674.552	-206.335	1799.9
2	-237.019	71.6951	1849.9	674.593	-209.692	1800.69
2	-235.88	72.9532	1853.38	672.624	-211.204	1800.8
2	-235.778	72.994	1856.38	671.095	-210.341	1799.26
2	-236.059	72.7557	1857.27	672.081	-213.199	1800.07
2	-240.801	72.4949	1859.62	671.694	-214.269	1799.35
2	-239.83	72.5571	1860.54	673.187	-214.217	1802.24
2	-240.622	71.8535	1859.13	673.745	-216.352	1799.71
2	-241.482	71.7022	1858.04	672.133	-217.09	1799.5
2	-240.62	69.1565	1856.25	672.895	-214.506	1799.93
2	-240.739	69.047	1854.34	672.79	-213.527	1797.33
2	-239.913	69.1261	1854.75	670.729	-211.438	1797.49
2	-241.166	68.3251	1852.98	671.777	-210.733	1798.75
2	-238.305	69.8941	1853.72	672.567	-208.166	1798.97
2	-239.384	70.9189	1854.12	673.654	-206.12	1797.52
2	-237.583	71.6931	1853.13	674.342	-205.157	1797.7
2	-237.209	71.5557	1853.63	674.596	-204.501	1796.48
2	-235.843	73.2225	1854.22	675.831	-203.394	1796.02
2	-233.025	74.006	1855.42	676.043	-201.5	1796.55
2	-232.359	71.7819	1852.04	675.639	-203.235	1794.93
2	-232.967	74.6843	1851.19	672.33	-200.244	1793.76
2	-230.762	74.5047	1849.06	672.604	-202.903	1793.02
2	-232.2	75.5179	1847.61	671.964	-200.284	1792.51
2	-233.854	77.1722	1845.47	672.584	-201.538	1789.87
2	-228.765	77.9196	1845.46	673.984	-200.237	1791.89
2	-231.215	75.9815	1843.99	672.337	-201.516	1788.4
2	-233.097	75.086	1840.21	673.533	-202.786	1789.87
2	-233.21	72.9626	1839.26	673.717	-202.662	1789.19
2	-233.985	73.2206	1837.25	672.156	-203.384	1789.26
2	-234.805	74.1472	1833.71	669.689	-202.683	1788.02
2	-235.568	75.7308	1834.6	669.98	-203.935	1787.02
2	-236.931	76.9653	1834.24	672.011	-203.515	1789.22
2	-236.249	79.8925	1831.73	670.169	-203.663	1784.59
2	-239.732	80.3094	1832.25	670.352	-203.991	1786.27
2	-239.556	83.0191	1829.69	670.382	-200.445	1786.67
2	-235.626	83.8655	1829.36	670.207	-201.272	1786.06
2	-235.848	84.6321	1829.5	669.584	-203.566	1783.99
2	-235.793	83.6657	1826.92	668.866	-203.709	1782.96
2	-235.149	83.9433	1829.04	669.884	-201.074	1784.15
2	-231.867	83.7571	1822.12	668.783	-202.344	1779.77
2	-234.547	83.6604	1821.41	670.468	-200.895	1784.28
2	-234.276	85.3025	1820.19	671.096	-199.409	1784.88
2	-236.086	87.7173	1817.73	668.85	-200.122	1783.7
2	-235.872	85.983	1816.59	670.17	-197.633	1781.59
2	-235.376	86.7862	1814.74	670.773	-198.13	1782.48
2	-234.315	86.6022	1813.01	670.25	-196.08	1783.3
2	-238.899	88.574	1812.6	672.333	-194.528	1786.77
2	-236.652	94.7303	1813.48	672.089	-194.951	1789.24
2	-238.451	99.7071	1813.16	673.316	-196.001	1789.95
2	-241.228	106.888	1817.97	676.146	-190.9	1793.2
2	-247.282	118.972	1821.26	676.641	-188.268	1795.96
2	-252.258	129.606	1820.39	679.507	-184.761	1801.85
2	-258.334	134.878	1818.11	681.267	-179.123	1805.03
2	-261.502	145.253	1817.72	688.004	-171.11	1813.63
2	-269.189	160.222	1820.19	698.714	-167.468	1818
2	-274.786	174.861	1820.24	712.271	-165.273	1824.19
2	-273.567	188.012	1820.04	728.848	-161.665	1827.91
2	-282.174	204.349	1818.86	747.278	-160.674	1835.13
2	-284.259	218.204	1817.48	756.983	-155.091	1842.38
2	-284.117	231.386	1812.18	762.468	-151.612	1845.02
2	-293.281	248.433	1811.73	767.441	-149.842	1848.28
2	-295.809	265.637	1811.16	779.13	-144.513	1853.89
2	-306.092	281.661	1809.61	796.101	-140.538	1860.94
2	-317.771	298.713	1808.43	799.042	-133.297	1864.42
2	-323.775	308.981	1806.82	803.825	-134.454	1867.62
2	-332.419	317.889	1801.89	807.707	-124.813	1876.98
2	-340.073	338.21	1806.75	812.497	-120.252	1881.55
2	-346.188	352.302	1808.28	810.672	-119.199	1878.28
2	-355.006	352.004	1804.33	812.021	-111.699	1890.25
2	-356.902	357.697	1803.02	812.273	-108.052	1893.57
2	-360.091	366.702	1801.4	810.923	-109.462	1892.53
2	-365.176	376.155	1803.81	808.973	-107.284	1894.7
2	-368.873	387.706	1805.92	804.765	-106.238	1894.99
2	-372.281	393.77	1806.27	805.312	-108.146	1896.16
2	-372.287	396.926	1803.33	809.27	-110.002	1898.84
2	-380.312	401.812	1805.49	812.007	-112.384	1899.98
2	-379.934	400.475	1803.65	814.914	-110.726	1902.73
2	-380.349	403.117	1801.77	810.274	-115.642	1898.25
2	-382.731	403.189	1799.9	803.941	-113.933	1897.29
2	-382.646	402.133	1800.36	805.274	-117.205	1899.58
2	-380.022	403.541	1802.44	806.73	-118.348	1895.91
2	-376.988	401.531	1805.57	815.449	-119.416	1905.92
2	-378.061	400.538	1809.08	821.905	-121.32	1906.69
2	-373.603	396.721	1812.12	825.462	-125.257	1904.6
2	-372.039	389.634	1813.77	820.946	-126.969	1901.54
2	-369.127	381.054	1814.79	814.159	-125.715	1903.17
2	-365.038	374.927	1816.95	807.165	-129.902	1899.71
2	-364.393	367.591	1819.73	793.893	-128.915	1893.73
2	-359.714	361.567	1822.51	790.307	-131.982	1895.32
2	-352.313	351.814	1824.15	787.688	-133.934	1897.59
2	-350.198	337.988	1826.44	780.496	-136.399	1895.97
2	-347.17	324.32	1828.77	772.151	-138.149	1890.11
2	-337.237	318.84	1831.81	764.89	-137.291	1890.08
2	-329.581	306.517	1836.17	751.236	-138.946	1890.94
2	-321.241	290.551	1836.94	732.24	-140.58	1881.61
2	-312.484	276.23	1837.88	724.185	-142.404	1885.95
2	-303.811	263.36	1837.98	715.686	-145.707	1882.94
2	-301.996	250.794	1839.36	709.728	-147.893	1880.67
2	-295.829	237.903	1843.57	700.406	-148.607	1881.78
2	-292.061	224.879	1843.29	686.213	-147.789	1880.97
2	-281.226	214.604	1848.82	674.611	-147.54	1881.51
2	-271.505	199.042	1849.2	664.596	-148.507	1879.16
2	-265.587	187.512	1849.21	649.169	-149.692	1875.72
2	-260.779	174.762	1848.34	642.782	-151.292	1874.25
2	-255.892	161.334	1846.83	638.783	-151.916	1876.68
2	-253.313	154.137	1850.23	631.219	-154.067	1874.43
2	-249.987	145.898	1851.09	621.301	-154.56	1874.17
2	-244.931	135.071	1850.19	607.6	-155.622	1869.66
2	-242.694	124.546	1846.84	591.722	-159.173	1865.28
2	-243.354	116.88	1845.82	578.095	-157.036	1865.16
2	-239.001	110.924	1843.44	567.397	-157.987	1863.12
2	-239.666	108.867	1842.74	556.543	-161.051	1859.7
2	-239.965	106.085	1840.65	549.389	-160.685	1861.47
2	-239.218	105.625	1840.69	545.792	-161.438	1860.12
2	-237.173	104.318	1839.83	546.129	-160.592	1863.47
2	-238.021	104.912	1838.78	539.514	-158.403	1861
2	-238.535	103.864	1838.76	539.15	-155.382	1860.75
2	-237.844	102.498	1837.61	542.541	-154.867	1861.84
2	-239.025	100.883	1834.68	544.653	-154.903	1864.2
2	-237.823	99.0593	1832.66	544.653	-154.861	1865.43
2	-237.364	99.4595	1830.86	542.646	-157.181	1866.68
2	-238.766	100.189	1827.01	543.038	-161.743	1863.72
2	-232.991	99.6266	1823.98	545.287	-164.363	1867.65
2	-240.865	104.203	1821.5	546.052	-163.793	1868
2	-242.091	110.659	1816.34	549.687	-165.315	1871.72
2	-247.315	117.099	1812.32	552.86	-168.894	1868.99
2	-248.851	125.579	1811.47	562.05	-168.939	1870.83
2	-251.98	138.973	1810.33	575.383	-169.802	1873.72
2	-258.057	147.256	1804.56	587.622	-168.175	1877.72
2	-267.142	155.714	1800	603.656	-169.311	1884.63
2	-272.841	164.776	1795.43	618.254	-169.037	1888.96
2	-279.457	176.165	1792.46	639.322	-169.247	1894.24
2	-285.091	189.839	1791.41	652.503	-170.096	1893.74
2	-297.352	202.226	1790.62	661.426	-170.695	1894.67
2	-298.656	209.722	1785.76	671.397	-171.35	1894.93
2	-303.92	218.598	1780.21	676.063	-172.952	1893.93
2	-310.091	228.629	1776.91	677.652	-170.982	1893.96
2	-315.014	238.527	1773.75	678.311	-173.223	1893.03
2	-323.464	260.904	1774.72	680.166	-171.143	1894.75
2	-328.136	275.541	1772.29	687.211	-173.72	1892.81
2	-339.281	292.317	1775.77	698.889	-173.286	1893.26
2	-341.62	302.643	1768.1	713.032	-174.324	1899.35
2	-349.058	319.145	1769.48	727.535	-173.904	1901.63
2	-346.785	316.908	1765.51	739.053	-173.397	1904.71
2	-351.95	330.494	1763.79	744.23	-174.051	1906.74
2	-353.992	340.308	1762.25	747.081	-172.36	1906.92
2	-353.484	346.155	1756.12	749.148	-170.234	1907.3
2	-357.175	355.568	1751.96	750.445	-170.112	1907.61
2	-357.965	362.796	1748.95	750.093	-168.679	1907.64
2	-363.234	370.005	1747.31	747.631	-169.84	1904.39
2	-361.606	380.702	1745.41	746.564	-169.111	1903.38
2	-362.117	386.559	1745.03	746.252	-165.575	1903.17
2	-362.763	390.846	1743.77	747.109	-166.168	1902.21
2	-364.015	394.364	1742.87	747.829	-164.147	1904.47
2	-363.87	398.304	1744.08	748.687	-164.696	1902.53
2	-364.644	402.748	1743.38	747.353	-164.091	1902.39
2	-366.937	406.087	1742.3	745.381	-163.954	1898.56
2	-370.905	409.134	1741.57	748	-163.685	1902.05
2	-371.283	406.314	1739.98	748.659	-163.188	1903.96
2	-372.646	407.017	1740.52	750.068	-161.168	1904.74
2	-371.454	409.396	1739.93	748.994	-163.778	1902.77
2	-373.356	407.322	1741.95	747.409	-165.389	1903.19
2	-370.259	403.33	1741.25	747.941	-164.937	1905.13
2	-370.445	399.881	1743.79	744.703	-167.083	1901.2
2	-370.222	396.266	1748.35	743.186	-169.071	1901.82
2	-366.858	388.36	1751.53	744.609	-171.206	1900.99
2	-358.541	380.707	1754.57	741.659	-171.897	1902.89
2	-352.582	373.245	1763.43	737.204	-173.796	1899.29
2	-342.314	362.094	1768.89	734.296	-175.151	1900.29
2	-337.214	355.712	1776.44	731.918	-177.321	1898.41
2	-329.476	344.796	1780.41	731.54	-176.53	1904.62
2	-319.794	331.981	1783.85	723.391	-176.626	1900.81
2	-311.803	324.624	1789.99	717.364	-177.404	1901.62
2	-306.262	319.111	1795.41	711.386	-178.311	1900.93
2	-297.106	309.789	1797.58	703.704	-179.579	1894.81
2	-287.713	281.967	1799.18	694.383	-178.884	1893.64
2	-280.853	270.929	1804.01	684.467	-176.088	1890.01
2	-274.375	254.944	1804.22	674.437	-176.439	1890.57
2	-269.56	240.347	1808.07	666.333	-176.429	1883.27
2	-267.019	231.472	1809.58	659.708	-173.467	1883.41
2	-260.816	217.105	1812.22	657.764	-172.68	1884.64
2	-255.752	206.889	1814.41	647.759	-167.935	1886.3
2	-255.086	202.166	1822.44	632.469	-167.625	1878.87
2	-251.323	196.616	1821.38	621.62	-165.393	1875.7
2	-246.045	192.088	1824.96	616.67	-165.221	1873.66
2	-241.605	170.031	1820.58	607.521	-162.57	1873.45
2	-243.688	163.33	1818.87	596.635	-161.986	1873.28
2	-238.969	160.422	1820.61	582.581	-158.893	1870.48
2	-239.214	152.605	1821.79	571.517	-160.22	1865.95
2	-234.543	145.577	1820.76	563.002	-156.848	1861.74
2	-236.049	134.23	1820.31	555.188	-154.589	1858.94
2	-236.134	128.153	1820.51	552.76	-155.421	1856.02
2	-231.74	123.413	1818.81	552.389	-150.512	1854.92
2	-229.621	117.535	1816.3	551.785	-149.483	1854.77
2	-227.19	114.979	1812.87	549.379	-148.163	1852.34
2	-227.476	113.175	1813.41	549.774	-149.157	1854.89
2	-225.953	110.844	1811.91	550.116	-146.399	1855.92
2	-227.916	110.82	1810.29	549.745	-146.261	1854.79
2	-229.428	112.524	1810.5	548.342	-148.379	1856.57
2	-224.776	113.951	1810.61	547.418	-147.514	1856.56
2	-227.59	116.048	1808.08	547.905	-148.561	1857.96
2	-226.938	113.575	1807.38	548.372	-147.828	1859.98
2	-229.784	112.974	1805.18	546.983	-148.442	1860.55
2	-227.711	115.376	1804.15	548.35	-148.764	1862.15
2	-229.261	118.082	1802.53	546.633	-146.269	1862.82
2	-231.507	123.086	1803.85	551.214	-147.601	1864.08
2	-234.816	126.975	1800.7	557.762	-148.168	1863.28
2	-238.272	135.118	1797.22	569.076	-147.459	1865.53
2	-243.201	144.346	1802.03	582.642	-146.75	1868.02
2	-246.536	147.156	1797.48	600.828	-149.186	1873.25
2	-254.238	152.271	1795.48	607.006	-145.68	1877.04
2	-257.862	162.587	1793.04	613.435	-148.723	1879.45
2	-264.376	169.811	1790.5	616.522	-145.42	1880.59
2	-270.57	178.747	1788.47	616.513	-144.724	1882.38
2	-278.22	191.7	1790.87	617.699	-143.238	1884.29
2	-281.339	203.447	1789.43	619.426	-141.838	1885.79
2	-288.596	213.227	1790.16	621.024	-141.995	1883.24
2	-293.901	222.572	1787.84	629.037	-141.129	1888.21
2	-304.053	231.534	1784.01	636.798	-140.905	1892.58
2	-302.665	240.138	1781.98	647.293	-138.648	1897.14
2	-311.054	253.781	1783.37	661.472	-140.982	1896.12
2	-318.776	266.185	1780.16	672.627	-140.9	1897.55
2	-321.466	276.573	1780.04	682.426	-138.883	1900.37
2	-330.188	289.33	1776.65	688.936	-138.903	1905.52
2	-334.357	299.31	1776.32	691.992	-138.388	1902.18
2	-339.231	310.772	1773.43	691.476	-139.896	1901.46
2	-347.913	329.468	1773.55	692.756	-141.408	1904.31
2	-349.594	342.74	1774.25	693.557	-140.25	1900.09
2	-353.661	349.97	1769.41	695.113	-143.637	1903.53
2	-354.939	361.659	1767.37	694.98	-142	1901.92
2	-357.421	371.057	1764.03	698.634	-143.143	1905.19
2	-360.42	382.26	1763.2	705.939	-142.808	1904.5
2	-360.32	391.512	1761.17	717.633	-141.929	1903.86
2	-357.586	399.236	1757.58	731	-143.58	1911.73
2	-359.092	410.209	1757.37	741.23	-142.959	1914.5
2	-359.366	418.501	1754.28	755.19	-145.446	1916.51
2	-360.97	423.267	1751.58	755.471	-144.546	1914.46
2	-363.05	428.55	1748.84	756.71	-144.867	1916.25
2	-366.613	432.877	1746.21	760.954	-144.325	1920.96
2	-368.316	434.353	1743.25	761.412	-140.898	1920.83
2	-372.071	440.649	1742.72	759.427	-142.809	1918.94
2	-374.485	443.332	1741.88	752.547	-140.715	1920.4
2	-374.882	448.705	1742.5	747.538	-138.083	1919.37
2	-376.175	452.501	1744.29	743.584	-139.736	1918.03
2	-376.46	453.935	1745.83	743.415	-141.055	1919.29
2	-375.311	451.842	1747.58	742.876	-142.334	1916.74
2	-372.748	445.157	1750.27	739.372	-142.8	1913.4
2	-371.916	435.017	1749.74	738.22	-141.295	1911.72
2	-364.208	423.885	1749.81	736.523	-147.607	1914.4
2	-355.924	409.265	1751.05	731.629	-148.992	1911.93
2	-353.885	398.631	1752.68	729.26	-150.878	1905.92
2	-352.453	387.168	1757.17	726.337	-155.061	1904.14
2	-346.173	375.674	1760.6	718.78	-155.193	1902.1
2	-339.372	362.313	1765.36	713.647	-161.545	1901.82
2	-335.066	352.615	1768.57	705.768	-162.922	1895.76
2	-329.766	336.6	1767.85	699.172	-165.507	1891.82
2	-324.72	314.076	1765.22	691.986	-167.949	1882.07
2	-320.07	300.143	1764.74	683.832	-170.008	1875.9
2	-319.499	292.216	1766.3	672.962	-171.412	1873.07
2	-313.831	280.527	1766.93	666.743	-170.082	1869.08
2	-316.998	270.123	1768.24	657.764	-170.765	1865.63
2	-310.514	256.349	1762.81	646.315	-171.047	1855.72
2	-312.353	241.287	1761.65	633.211	-172.809	1848.1
2	-311.498	234.43	1761.14	619.941	-173.374	1840.5
2	-312.844	225.355	1759.28	611.571	-174.528	1836.85
2	-308.577	219.299	1763.59	602.351	-173.14	1834.29
2	-308.246	213.01	1765.77	596.105	-174.407	1829.17
2	-304.19	192.026	1759.54	585.62	-171.309	1824.49
2	-305.894	175.206	1758.45	581.547	-172.002	1825.38
2	-304.53	161.69	1756.18	566.131	-169.747	1822.8
2	-301.677	154.398	1758.9	555.724	-168.353	1821.25
2	-303.385	146.322	1760.95	547.139	-166.663	1817.78
2	-303.263	140.716	1760.56	541.558	-165.655	1816.27
2	-300.35	132.311	1757.59	537.434	-167.349	1813.28
2	-303.506	120.067	1757.36	534.26	-165.031	1808.78
2	-306.558	113.001	1758.44	530.174	-165.402	1807.12
2	-305.678	110.285	1757.04	525.477	-165.455	1805.86
2	-306.999	108.972	1761.64	522.241	-165.364	1802.59
2	-311.83	106.448	1759.92	524.506	-161.774	1803.89
2	-316.685	106.601	1761.18	526.538	-163.007	1805.11
2	-317.648	102.721	1766.36	526.557	-162.018	1806.95
2	-316.479	96.8536	1761.9	527.131	-163.203	1808.04
2	-315.171	94.8939	1762.89	527.439	-163.099	1812.63
2	-321.721	96.5189	1772.94	528.809	-161.66	1818.61
2	-327.2	97.3123	1774.47	530.178	-163.713	1819.59
2	-326.932	95.5719	1775.38	531.396	-161.232	1824.08
2	-329.044	95.8772	1777.73	531.864	-164.582	1822.66
2	-330.713	93.6632	1779.55	531.252	-164.091	1823.79
2	-330.594	92.3459	1779.59	531.849	-163.757	1824.15
2	-329.081	92.5344	1776.54	531.448	-162.488	1825.11
2	-326.339	91.9993	1773.11	531.602	-162.941	1823.77
2	-327.453	91.6299	1775.65	532.04	-161.953	1823.48
2	-324.905	92.6183	1778.03	530.536	-161.822	1821.47
2	-324.856	91.2771	1779.4	529.277	-158.294	1825.13
2	-323.224	93.3692	1780.95	530.404	-157.902	1824.28
2	-326.898	96.989	1778.83	531.194	-157.445	1828.3
2	-329.471	104.658	1778.87	534.288	-155.715	1828.17
2	-329.717	107.03	1775.45	538.362	-149.83	1834.08
2	-332.384	113.206	1774.22	539.281	-149.008	1832.69
2	-333.896	119.783	1773.39	539.736	-149.335	1835.05
2	-338.314	134.279	1773.45	541.374	-144.988	1837.34
2	-340.702	142.861	1769.12	543.752	-141.439	1840.94
2	-344.39	154.059	1766.78	553.961	-141.262	1842.75
2	-350.013	169.011	1763.28	565.842	-141.357	1846.02
2	-352.219	184.196	1760.1	579.329	-141.109	1849.17
2	-361.248	198.581	1757.22	591.418	-142.161	1850.1
2	-365.609	212.246	1752.88	605.421	-142.531	1852.87
2	-370.209	224.955	1747.78	617.716	-142.599	1852.7
2	-375.719	238.665	1744.13	636.493	-146.884	1855.69
2	-382.391	257.116	1741.15	651.465	-146.364	1854.61
2	-383.362	271.293	1734.62	661.399	-145.266	1859.13
2	-389.058	289.317	1734.5	669.44	-145.958	1862.38
2	-390.824	292.536	1727.97	676.163	-148.203	1860.75
2	-398.113	306.255	1724.76	681.929	-145.865	1862.66
2	-402.712	317.366	1722.57	687.804	-147.258	1861.77
2	-401.847	323.436	1716.6	689.436	-145.983	1863.54
2	-406.747	326.772	1709.44	690.722	-146.284	1864.48
2	-409.163	331.168	1705.45	691.394	-145.422	1865.12
2	-416.889	339.657	1702.51	693.087	-144.479	1866.4
2	-420.694	347.746	1699.36	693.562	-144.514	1867.3
2	-429.255	356.734	1693.44	694.35	-142.705	1866.28
2	-432.774	361.468	1690.71	696.844	-142.782	1871.92
2	-435.111	369.122	1685.98	701.368	-139.078	1873.57
2	-435.93	376.469	1685.48	709.339	-140.47	1875.63
2	-438.693	380.546	1684.8	719.943	-140.077	1874.92
2	-440.133	381.161	1682.49	730.469	-143.766	1875.35
2	-439.058	380.609	1681.97	738.474	-143.671	1877.33
2	-440.067	380.647	1683.22	740.48	-141.471	1879.69
2	-436.139	378.654	1685.21	738.358	-142.418	1874.67
2	-432.939	376.23	1687.19	734.043	-142.24	1874.33
2	-426.186	375.968	1690.52	725	-138.879	1868.69
2	-418.127	370.901	1694.53	716.489	-137.868	1869.95
2	-410.508	360.055	1694.25	707.879	-140.928	1866.61
2	-404.017	348.657	1695.78	699.123	-142.616	1864.28
2	-398.601	344.113	1703.16	685.128	-143.143	1860.09
2	-391.908	335.737	1707.65	678.528	-142.949	1864.28
2	-388.079	326.455	1713.14	669.861	-143.201	1857.66
2	-380.312	314.03	1716.47	663.16	-143.906	1859.85
2	-377.363	301.046	1720.4	653.631	-146.407	1851.28
2	-366.251	284.935	1721.52	645.135	-146.548	1852.35
2	-359.568	270.116	1724.84	639.124	-146.948	1851.01
2	-348.83	259.556	1726.17	631.371	-147.331	1849.46
2	-346.966	248.635	1730.64	625.44	-143.544	1852.66
2	-345.101	235.321	1727.73	614.808	-146.607	1848.52
2	-343.813	227.059	1726.92	603.911	-145.917	1846.12
2	-342.721	212.153	1723.43	594.974	-145.271	1845.16
2	-340.712	207.081	1724.61	589.701	-144.696	1847.44
2	-336.202	199.649	1726.25	581.956	-147.561	1847.13
2	-334.588	187.672	1726.36	571.893	-149.627	1844.24
2	-334.035	176.687	1725.04	565.465	-150.331	1843.71
2	-331.328	170.317	1726.4	558	-150.816	1840.85
2	-326.204	161.865	1729.43	550.904	-153.051	1839.4
2	-327.194	153.035	1734.79	546.203	-154.684	1838.22
2	-323.412	144.646	1736.57	546.037	-161.014	1835.82
2	-322.791	139.227	1742.95	544.095	-165.046	1828.97
2	-321.76	130.634	1743.4	545.392	-168.74	1833.18
2	-318.097	118.85	1746.01	544.638	-178.007	1829.8
2	-315.482	111.02	1745.67	544.611	-182.646	1829.42
2	-311.349	109.863	1751.13	546.374	-191.211	1824.82
2	-311.977	109.362	1754.57	549.034	-198.769	1824.95
2	-307.816	108.77	1755.18	555.768	-205.799	1821.99
2	-304.105	105.736	1756.87	567.755	-214.727	1821.42
2	-301.6	106.839	1757.98	577.356	-220.529	1817.82
2	-300.905	103.948	1756.96	582.886	-227.69	1814.95
2	-298.469	102.52	1756.49	586.905	-233.042	1813.8
2	-296.894	99.8996	1757.76	585.859	-240.861	1812.67
2	-300.547	97.047	1753	587.608	-249.448	1809.59
2	-301.636	95.9957	1753.46	589.162	-256.141	1810.37
2	-303.895	96.6739	1755.36	589.437	-264.531	1807.24
2	-307.417	97.0564	1752.8	587.479	-271.048	1803.3
2	-307.908	93.9909	1750.77	591.082	-276.327	1801.66
2	-312.288	90.0058	1748.21	593.557	-278.411	1801.38
2	-309.338	89.0085	1745.15	596.413	-282.07	1796.98
2	-316.132	91.8445	1744.3	605.183	-282.124	1797.28
2	-317.149	97.4275	1743.83	606.381	-286.312	1800.97
2	-315.433	97.9189	1742.45	603.249	-289.263	1797.5
2	-314.362	100.908	1740.28	599.767	-288.501	1794.14
2	-312.902	108.91	1741.24	599.66	-287.29	1795.06
2	-312.907	115.471	1740.41	600.586	-283.256	1798.53
2	-312.798	125.517	1740.42	603.934	-279.33	1800.45
2	-313.904	136.311	1741.75	612.915	-278.202	1803.16
2	-313.461	149.446	1742.99	623.892	-274.155	1809.1
2	-314.941	163.646	1746.58	632.582	-267.935	1816.59
2	-319.025	177.743	1746.64	625.335	-261.268	1814.32
2	-321.28	190.322	1747.52	622.851	-254.818	1819.61
2	-325.349	208.074	1753.36	625.223	-244.817	1824.64
2	-324.393	218.159	1755.21	622.826	-239.889	1825.62
2	-327.042	235.056	1759.49	620.785	-234.828	1824.56
2	-329.133	251.73	1758.84	624.83	-229.112	1829.67
2	-332.425	264.673	1762	624.59	-222.115	1833.85
2	-336.155	283.108	1766.85	626.214	-218.495	1834.36
2	-338.712	295.38	1763.94	625.819	-213.405	1835.29
2	-340.735	305.389	1765.44	625.746	-210.652	1839.12
2	-345.014	318.877	1768.13	625.159	-208.179	1838.66
2	-350.049	334.145	1768.95	626.395	-204.88	1840.17
2	-350.87	339.623	1764.07	628.246	-199.571	1841.91
2	-352.327	349.203	1763.4	629.729	-196.412	1843.9
2	-355.135	362.675	1760.61	628.637	-195.198	1844.91
2	-358.61	377.205	1761.94	629.459	-192.622	1847.1
2	-360.82	389.625	1764.27	630.34	-193.053	1847.21
2	-362.645	401.752	1762.08	630.936	-187.237	1849
2	-363.835	410.562	1758.58	633.135	-186.049	1851.9
2	-367.031	422.602	1756.35	634.163	-186.784	1853.85
2	-371.056	427.684	1749.54	636.449	-188.323	1853.03
2	-375.95	432.623	1744.97	645.539	-187.523	1856.16
2	-380.194	440.962	1740.61	654.902	-189.616	1854.54
2	-386.977	453.541	1737.02	661.771	-189.116	1857.69
2	-389.168	458.348	1732.7	670.98	-188.716	1857.25
2	-392.493	461.978	1727.6	687.285	-190.816	1861.23
2	-396.539	466.21	1720.28	697.028	-193.455	1861.82
2	-401.937	465.854	1714.31	704.493	-195.564	1863.8
2	-402.172	466.517	1709.27	710.404	-198.878	1866.16
2	-406.292	467.646	1704.29	717.065	-198.541	1863.14
2	-410.012	466.43	1701.38	723.197	-198.257	1867.98
2	-411.498	464.451	1694.03	734.566	-201.776	1863.79
2	-417.467	465.582	1692.83	741.331	-201.205	1873.44
2	-420.305	464.991	1688.02	744.271	-201.15	1874.45
2	-420.407	460.826	1685.37	743.983	-201.812	1871.16
2	-422.007	461.525	1685.57	743.716	-201.314	1875.29
2	-423.404	463.695	1685.96	744.696	-201.663	1874.38
2	-425.325	466.984	1685.01	746.053	-200.822	1875.57
2	-426.807	466.166	1685.75	746.565	-200.482	1875.43
2	-428.048	463.312	1683.76	747.507	-200.375	1875.82
2	-431.231	460.615	1681.95	752.237	-198.8	1878.64
2	-433.615	460.2	1682.43	759.828	-202.827	1879.56
2	-433.896	460.555	1682.64	761.477	-202.981	1877.34
2	-433.66	461.077	1682.84	763.49	-202.768	1877.46
2	-433.346	462.076	1682.44	766.816	-203.954	1881.27
2	-431.253	462.497	1681.88	774.658	-207.157	1877.48
2	-432.165	463.707	1682.57	786.653	-209.7	1881.5
2	-432.426	466.921	1682.82	794.486	-207.915	1882.88
2	-433.656	467.596	1686.14	799.873	-207.482	1880.61
2	-432.198	468.429	1686.51	800.524	-206.251	1878.45
2	-429.543	469.782	1688.35	798.829	-206.852	1881.07
2	-422.383	466.255	1688.27	798.34	-203.498	1882.09
2	-420.488	465.57	1694.23	798.166	-202.957	1879.58
2	-421.494	463.049	1695.45	793.115	-199.534	1877.65
2	-420.884	461.639	1701.97	780.25	-196.541	1876.85
2	-416.852	455.873	1706.11	771.459	-197.686	1872.85
2	-411.791	447.135	1707.64	760.345	-199.01	1869.79
2	-401.796	435.944	1710.45	749.885	-198.921	1868
2	-394.942	422.678	1714.9	741.858	-197.643	1867.27
2	-386.422	391.731	1712.29	731.558	-199.247	1862.31
2	-380.317	382.272	1713.27	720.896	-196.548	1858.92
2	-375.322	370.393	1717.92	709.633	-198.427	1856.08
2	-372.794	355.352	1718.51	698.218	-198.525	1851.97
2	-370.331	343.109	1719.63	687.272	-199.951	1853.04
2	-365.558	330.456	1722.3	679.321	-202.051	1849.57
2	-363.208	316.725	1722.41	672.786	-202.583	1844.58
2	-363.134	293.659	1720.93	668.282	-203.691	1845.73
2	-356.674	276.415	1723.87	661.722	-208.327	1843.3
2	-351.289	255.849	1725.88	652.997	-208.958	1840.59
2	-350.44	235.776	1728.26	647.149	-209.037	1841.33
2	-349.504	219.312	1729.04	640.663	-209.502	1840.02
2	-344.246	205.629	1731.78	634.818	-208.47	1837.28
2	-341.035	188.689	1733.69	626.4	-208.411	1833.95
2	-336.349	172.009	1733.8	620.955	-209.098	1834.23
2	-334.514	160.605	1735.87	609.787	-212.579	1832.19
2	-332.188	152.281	1737.16	600.699	-214.063	1826.35
2	-323.813	140.419	1740.36	597.767	-214.812	1827.88
2	-324.368	124.62	1739.01	590.966	-219.025	1821.86
2	-318.524	113.228	1736.72	588.166	-219.428	1817.87
2	-313.534	98.2028	1739.06	583.61	-221.672	1816.63
2	-313.244	79.9211	1737.38	574.156	-222.334	1811.27
2	-313.726	64.1343	1735.27	565.059	-226.641	1809.92
2	-309.717	50.3343	1736.24	562.119	-229.583	1805.17
2	-307.595	37.27	1734.8	561.981	-228.669	1807.07
2	-312.591	26.42	1735.83	557.053	-226.623	1805.82
2	-311.642	20.3383	1737.7	554.592	-225.967	1803.99
2	-307.324	20.0036	1741.31	552.399	-220.787	1806.76
2	-304.303	19.4007	1743.68	553.78	-219.799	1814.43
2	-302.952	18.176	1744.89	552.176	-220.899	1814.63
2	-305.573	18.521	1744.74	553.596	-222.048	1816.76
2	-305.954	18.1994	1747.22	555.504	-220.874	1820.1
2	-303.808	21.281	1746.39	556.453	-219.577	1822.32
2	-304.983	23.9652	1745.54	559.083	-218.292	1824.8
2	-301.801	32.1098	1744.62	560.233	-219.202	1825.83
2	-301.82	39.7156	1746.8	560.179	-220.896	1827.09
2	-305.105	49.3626	1746.08	562.014	-221.238	1828.47
2	-309.365	61.1521	1743.73	566.056	-222.036	1828.35
2	-311.663	75.5888	1745.66	575.404	-219.144	1830.07
2	-316.893	95.183	1745.29	589.602	-217.808	1833.34
2	-320.377	108.723	1744.16	602.108	-214.392	1834.07
2	-329.054	127.731	1742.51	615.678	-216.628	1839.07
2	-333.179	133.627	1742.97	627.002	-215.356	1843.05
2	-336.415	149.068	1745	640.405	-211.06	1847.73
2	-344.789	165.072	1745.68	656.268	-214.901	1847.63
2	-348.983	176.953	1742.97	664.7	-214.968	1854.66
2	-357.311	191.21	1741.35	675.126	-216.902	1856.24
2	-361.225	202.486	1743.11	682.565	-219.799	1857.27
2	-367.925	216.155	1741.87	690.604	-221.436	1858.98
2	-372.624	227.985	1739.16	695.237	-219.931	1859.33
2	-382.646	238.437	1736.48	697.638	-220.327	1861.7
2	-386.757	247.149	1731.3	699.446	-218.64	1864.2
2	-389.144	254.897	1729.33	699.389	-221.429	1863.49
2	-393.333	264.585	1731.31	702.1	-220.207	1866.77
2	-401.985	278.277	1728.99	700.823	-220.519	1864.88
2	-403.729	283.758	1722.82	702.914	-218.017	1868.14
2	-412.635	291.534	1720.87	706.612	-217.959	1873.29
2	-418.816	299.341	1720.27	711.347	-217.906	1876.48
2	-423.098	304.821	1718.46	719.805	-220.95	1876.66
2	-426.546	309.38	1716.06	734.87	-220.795	1881.77
2	-431.71	315.858	1717.47	743	-220.564	1882.43
2	-430.528	325.44	1718.67	750.265	-220.284	1887.55
2	-433.209	332.908	1719.84	752.417	-220.38	1890.69
2	-430.892	335.099	1719.1	753.63	-221.255	1892.25
2	-432.913	337.827	1717.75	753.362	-219.907	1895.67
2	-429.238	342.489	1716.97	750.523	-220.416	1894.72
2	-430.794	345.759	1718.3	749.685	-220.499	1895.88
2	-430.46	346.542	1718.11	748.224	-219.879	1897.12
2	-431.865	345.915	1718.72	747.523	-219.597	1895.18
2	-430.532	346.752	1721.61	748.85	-218.586	1897.3
2	-428.557	345.157	1722.26	751.785	-218.604	1898.05
2	-427.212	344.604	1723.9	750.988	-219.926	1897.12
2	-429.225	345.283	1724.63	748.539	-217.98	1897.34
2	-424.585	342.473	1727.14	745.279	-219.475	1894.3
2	-420.55	341.218	1733.14	744.493	-221.97	1892.59
2	-413.81	338.403	1741.7	742.701	-218.724	1893.23
2	-403.523	337.979	1749.16	738.836	-220.92	1889.88
2	-389.471	330.174	1755.72	733.676	-222.414	1889.28
2	-381.914	320.214	1763.09	732.354	-222.878	1890.95
2	-369.195	305.775	1773.83	729.568	-226.032	1888.79
2	-354.882	289.815	1778.63	729.462	-227.418	1889.33
2	-340.212	274.776	1780.26	728.867	-227.06	1891.96
2	-324.074	256.632	1783.83	728.616	-227.86	1891.57
2	-312.068	247.315	1793.66	728.411	-230.393	1893.49
2	-301.975	233.727	1799.53	728.632	-228.649	1896.17
2	-290.97	220.613	1806.09	719.72	-227.674	1891.11
2	-283.179	208.386	1809.64	712.419	-227.137	1889.12
2	-271.494	194.742	1812.3	707.851	-228.361	1889.77
2	-262.466	183.263	1815.88	703.78	-232.744	1884.73
2	-253.589	170.896	1819.34	698.204	-232.063	1883.73
2	-250.824	160.179	1822.13	692.593	-233.688	1879.9
2	-246.357	147.4	1824.63	693.309	-236.584	1880
2	-242.546	136.153	1829.48	689.161	-235.495	1880.63
2	-237.393	122.318	1832.73	686.692	-237.778	1881.46
2	-233.088	110.428	1831.41	682.541	-239.955	1879.14
2	-231.885	105.112	1835.95	677.53	-241.369	1874.52
2	-225.375	92.9692	1838.33	672.889	-232.546	1882.28
2	-221.944	86.6118	1840.57	661.242	-233.783	1875.66
2	-222.562	81.3085	1843.52	649.732	-232.551	1876.28
2	-221.189	73.9857	1845.28	638.816	-230.161	1876.12
2	-217.257	70.2479	1850.93	629.028	-228.348	1875.68
2	-213.27	65.3817	1855.76	624.662	-227.098	1877.13
2	-210.746	59.4904	1856.83	617.787	-227.766	1877.57
2	-202.812	55.6509	1860.47	611.651	-228.792	1876.47
2	-194.308	55.1753	1869.01	603.499	-228.718	1875.39
2	-183.622	47.4539	1880.42	589.711	-231.153	1866.74
2	-182.95	46.3887	1882.88	582.971	-221.309	1863.52
2	-182.88	44.3006	1879.92	583.694	-221.763	1863.55
2	-188.203	44.2812	1878.75	584.596	-221.78	1862.95
2	-198.984	45.0664	1870.26	586.484	-220.604	1865.03
2	-212.471	47.1549	1866.52	590.801	-220.103	1866.18
2	-227.633	48.3429	1859.58	599.418	-217.11	1868.62
2	-236.218	50.2221	1849.84	611.81	-218.61	1869.98
2	-244.476	54.4852	1846.04	628.222	-216.956	1871.44
2	-254.46	56.474	1842.3	642.746	-218.208	1874.33
2	-262.302	60.6694	1835.17	648.746	-216.332	1874.5
2	-269.82	59.2036	1826.95	652.511	-218.423	1872.8
2	-279.223	64.2651	1824.68	654.402	-217.439	1874.35
2	-283.431	75.1428	1819.47	657.125	-213.234	1876.22
2	-286.227	82.2368	1817.09	656.901	-215.344	1874.84
2	-289.584	92.005	1815.63	659.02	-216.858	1872.95
2	-291.137	98.3468	1811.96	667.184	-219.919	1871.84
2	-292.114	113.524	1812.69	678.801	-219.954	1871.54
2	-289.822	122.282	1810.38	694.372	-223.719	1870.74
2	-290.907	129.686	1805.71	708.159	-224.898	1867.85
2	-293.16	140.723	1801.71	715.529	-223.011	1868.94
2   -238.955    83.1427 1845.14 674.984 -208.859    1805.1
2   -238.702    79.6408 1843.31 674.083 -212.185    1803.3
2   -241.35 79.2986 1842    674.383 -211.738    1803.93
2   -242.395    82.6293 1844.1  675.372 -211.276    1802.1
2   -238.888    81.733  1840.54 673.007 -211.508    1800.12
2   -242.943    79.9069 1841.65 672.172 -210.339    1799.41
2   -244.633    80.8765 1842.5  672.54  -209.555    1800.23
2   -242.931    80.8265 1841.15 673.154 -211.578    1798.58
2   -676.918    67.5208 1774.87 264.717 -170.519    1858.38
2   -678.905    67.6791 1776.57 266.238 -166.159    1860.85
2   -677.121    67.6324 1774.1  265.571 -166.504    1857.8
2   -679.611    63.6839 1775.52 264.55  -164.625    1856.99
2   -677.209    59.8398 1774.47 261.598 -164.743    1857.6
2   -678.01 60.3289 1774.06 260.09  -163.093    1858.31
2   -678.814    60.3232 1772.11 259.689 -162.716    1857.55
2   -678.821    61.0949 1773.88 259.521 -161.081    1857.71
2   -680.883    61.7893 1772.2  258.183 -158.691    1858.41
2   -679.107    60.6524 1771.41 254.956 -159.321    1859.09
2   -679.482    60.831  1771.06 254.081 -160.898    1857.36
2   -680.08 62.1762 1772.78 251.686 -163.456    1852.22
2   -680.468    65.0649 1772.76 252.056 -161.893    1854.62
2   -684.204    66.6352 1772.46 253.676 -165.322    1853.26
2   -684.916    67.1583 1772.31 252.392 -165.37 1848.19
2   -682.023    67.1796 1772.91 252.098 -166.314    1849.86
2   -681.012    67.0398 1772.57 250.844 -165.476    1848.16
2   -679.461    64.9712 1772.51 250.386 -166.53 1849.17
2   -677.909    67.5193 1774.2  252.197 -167.594    1848.67
2   -677.737    70.2733 1774.66 248.744 -171.251    1848.51
2   -680.502    70.228  1774.23 246.917 -171.235    1846.81
2   -679.244    69.8889 1773.9  245.506 -173.545    1847.16
2   -680.185    68.0121 1772.64 244.57  -176.001    1845.18
2   -679.544    68.4928 1770.71 242.328 -178.518    1845.34
2   -678.097    70.779  1773.57 241.406 -178.483    1848.18
2   -675.38 72.4372 1772.88 240.895 -176.947    1847.96
2   -676.596    74.5272 1775.64 240.453 -178.458    1848.7
2   -675.007    79.8348 1775.92 239.601 -177.407    1847.85
2   -674.116    89.0716 1780.27 241.029 -178.111    1847.38
2   -672.786    95.0471 1782.44 241.156 -177.992    1847.08
2   -669.698    99.9931 1780.53 239.908 -177.344    1848.51
2   -665.974    106.393 1783.78 240.963 -178.022    1848.62
2   -667.312    115.835 1784.35 240.827 -178.588    1849.73
2   -669.195    119.678 1784.15 240.642 -176.916    1850.93
2   -665.623    127.761 1782.06 241.271 -178.198    1851.47
2   -665.875    136.89  1781.24 241.251 -177.423    1851.25
2   -668.259    147.403 1779.96 241.873 -177.911    1848.86
2   -666.944    161.404 1782.36 241.687 -179.47 1847.56
2   -667.045    173.499 1779.4  242.036 -179.331    1847.37
2   -667.058    177.149 1779.37 242.998 -178.867    1847.73
2   -667.409    186.009 1777.72 241.287 -180.247    1848.97
2   -666.957    198.682 1778.38 243.465 -181.746    1849.47
2   -663.571    208.827 1780.15 250.404 -185.604    1848.32
2   -663.734    217.241 1779.1  251.103 -185.035    1848.72
2   -663.262    226.784 1783.95 251.644 -186.507    1848.9
2   -663.023    231.666 1782.9  254.547 -185.902    1851.67
2   -666.148    241.23  1787.07 255.552 -186.454    1852.7
2   -663.773    253.044 1787.84 253.671 -189.28 1853.69
2   -667.145    265.732 1789.57 252.358 -189.579    1856.3
2   -665.495    269.062 1788.24 251.668 -189.823    1853.96
2   -665.644    286.746 1792.42 249.728 -190.032    1854.79
2   -667.316    299.533 1794.16 245.935 -192.056    1854.67
2   -672.175    308.789 1789.7  243.782 -192.791    1854.6
2   -672.752    322.763 1789.42 243.627 -192.137    1857.56
2   -676.38 336.171 1789.22 244.73  -193.839    1855.99
2   -676.61 350.454 1789.95 247.061 -193.463    1858.11
2   -677.315    361.128 1787.66 248.4   -192.466    1857.98
2   -675.872    374.919 1788.36 249.604 -190.92 1857.65
2   -673.544    388.719 1791.21 251.441 -190.689    1856.08
2   -673.042    398.517 1793.4  250.319 -192.126    1856.21
2   -673.224    409.35  1794.57 248.096 -191.13 1858.46
2   -674.005    422.95  1795.11 242.717 -191.671    1857.94
2   -672.75 436.85  1800    241.982 -190.455    1859.05
2   -665.585    449.164 1801.91 243.356 -191.49 1857.45
2   -669.163    460.551 1805.73 243.487 -190.812    1858.33
2   -672.242    467.849 1805.1  242.893 -189.624    1859.59
2   -674.093    475.163 1805.9  241.884 -191.322    1858.96
2   -673.588    479.865 1806.38 242.332 -190.725    1858.68
2   -675.423    485.477 1811.27 242.183 -191.985    1858.7
2   -677.572    490.682 1811.52 243.082 -192.823    1856.92
2   -677.72 493.209 1815.78 243.195 -193.652    1858.55
2   -676.233    493.033 1813.8  243.406 -192.995    1858.61
2   -681.136    489.501 1815.38 243.048 -194.207    1856.33
2   -682.406    484.277 1818.25 243.794 -193.566    1858.01
2   -683.347    475.335 1815.56 241.201 -194.964    1856.51
2   -683.44 467.001 1816.66 241.864 -193.138    1856.86
2   -680.119    463.688 1816.53 241.574 -194.808    1855.9
2   -682.894    457.643 1820.86 242.796 -194.42 1856.93
2   -682.802    443.693 1823.66 243.69  -193.099    1856.86
2   -684.225    422.571 1818.05 243.086 -193.419    1857.17
2   -682.726    407.214 1817.18 243.682 -194.429    1858.91
2   -687.224    398.008 1820.06 243.112 -193.624    1858.68
2   -688.242    391.723 1827    242.006 -193.065    1860.16
2   -683.779    375.861 1821.71 241.443 -190.928    1861.97
2   -684.565    363.046 1824.47 241.658 -192.437    1860.27
2   -684.613    349.576 1820.85 241.022 -192.487    1858.97
2   -685.276    337.238 1823.41 240.818 -191.86 1860.24
2   -684.294    324.07  1820.38 242.063 -190.788    1860.43
2   -687.084    308.897 1821.74 243.781 -193.814    1858.36
2   -687.573    296.334 1818.54 246.309 -194.601    1859.17
2   -683.801    259.289 1808.32 246.36  -194.554    1857.83
2   -685.698    242.13  1802.51 244.864 -195.258    1858.75
2   -687.68 227.409 1800.8  240.408 -195.434    1858.52
2   -689.093    218.815 1801.88 236.299 -194.166    1857.97
2   -686.821    210.353 1804.03 231.349 -194.88 1856.78
2   -685.582    191.386 1796.88 229.453 -195.887    1855.12
2   -684.085    174.697 1792.41 230.617 -194.909    1855.5
2   -682.25 172.062 1793.49 231.85  -195.811    1857.38
2   -684.797    165.474 1792.15 234.686 -195.879    1859.58
2   -685.529    156.048 1788.52 235.017 -196.419    1856.9
2   -683.547    147.292 1783.58 235.191 -196.065    1860.37
2   -682.711    139.738 1784.35 232.729 -198.432    1859.8
2   -681.579    129.175 1783.16 231.225 -203.467    1857.44
2   -678.83 118.898 1780.43 227.255 -205.676    1853.86
2   -673.058    106.445 1781.19 229.146 -205.216    1852.54
2   -665.646    94.4961 1776.58 227.937 -205.152    1854.37
2   -663.71 84.9776 1776.82 229.493 -205.011    1853.76
2   -663.529    80.6281 1777.52 228.441 -203.536    1855.73
2   -660.802    79.2908 1777.5  227.799 -198.594    1860.39
2   -662.687    75.0352 1779.52 231.387 -195.99 1858.19
2   -663.85 71.1033 1777.18 234.512 -195.082    1861.21
2   -661.887    70.3742 1780.15 237.134 -195.495    1860.54
2   -666.471    69.3852 1782.68 238.144 -193.533    1862.11
2   -665.367    72.6422 1780.64 236.675 -190.321    1861.96
2   -666.387    71.4132 1780.97 233.81  -188.991    1863.08
2   -669.183    74.2088 1779.31 228.747 -189.999    1860.67
2   -670.11 76.1588 1781.61 233.005 -186.961    1863.09
2   -670.019    75.8585 1778.48 235.142 -185.682    1865.1
2   -671.318    75.5074 1780.02 237.675 -186.977    1861.65
2   -671.153    73.5964 1778.54 239.298 -183.496    1863.21
2   -669.005    70.4987 1778.45 241.594 -180.731    1862.3
2   -670.933    70.9504 1779.3  242.635 -178.514    1867.71
2   -669.361    70.9383 1775.23 244.457 -179.538    1869.48
2   -666.672    69.2391 1774.33 243.054 -175.101    1869.81
2   -668.435    72.9181 1778.84 246.76  -174.597    1871.34
2   -668.81 66.9015 1773.09 248.499 -174.865    1870.84
2   -668.228    65.4157 1773.11 250.518 -174.671    1873.25
2   -668.538    65.6575 1772.52 258.401 -172.41 1875.31
2   -668.722    65.9293 1774.9  268.885 -170.963    1878.73
2   -670.114    67.755  1771.91 278.773 -169.451    1881.24
2   -667.18 65.1525 1770.06 293.275 -165.716    1883.51
2   -663.449    66.5433 1768.79 322.008 -165.441    1880.93
2   -668.287    70.8874 1773.36 319.838 -159.42 1885.45
2   -664.057    67.8194 1770.08 317.7   -155.286    1888.6
2   -667.416    71.6546 1769.96 316.987 -155.775    1886.23
2   -666.845    71.2444 1770.49 317.313 -155.165    1885.37
2   -664.342    71.2893 1768.89 321.508 -153.022    1888.36
2   -665.052    71.4691 1770.26 326.879 -152.043    1885.46
2   -663.811    69.5437 1767.93 331.3   -151.077    1886.11
2   -662.996    72.2041 1767.8  340.348 -149.728    1887.06
2   -664.945    70.4668 1766.23 349.949 -150.046    1887.91
2   -662.262    73.8186 1767.81 362.829 -146.749    1887.7
2   -662.401    70.8979 1765.82 370.155 -147.296    1887.66
2   -662.91 70.3928 1767.32 370.011 -147.753    1887.61
2   -663.448    72.4903 1765.78 368.967 -149.273    1887.19
2   -663.566    74.7155 1767.8  368.862 -147.038    1890.49
2   -662.239    70.4023 1766.89 366.637 -148.581    1887.94
2   -661.912    72.1637 1767.04 361.122 -145.776    1888.41
2   -665.091    71.3871 1767.34 393.195 -152.553    1885.65
2   -665.93 70.6994 1768.05 385.143 -155.303    1882.04
2   -665.901    72.6495 1769.33 373.889 -153.719    1884.24
2   -665.495    72.9062 1767.4  355.784 -153.714    1879.65
2   -667.148    68.7413 1768.3  356.346 -159.226    1884.36
2   -667.726    72.0221 1767.03 352.717 -159.706    1882.79
2   -668.19 67.1469 1766.59 340.384 -164.568    1872.13
2   -666.381    67.8863 1765.92 335.185 -161.645    1876.75
2   -669.393    70.2998 1766.93 330.248 -163.29 1873.92
2   -667.976    71.5873 1765.53 322.654 -167.912    1881.47
2   -670.138    74.4311 1764.68 319.263 -168.784    1878.08
2   -669.362    74.0897 1764.32 313.447 -170.891    1873.83
2   -670.741    77.3026 1762.95 312.887 -171.274    1880.35
2   -670.919    76.1042 1763.16 301.175 -174.913    1874.5
2   -670.644    77.1556 1763.21 292.515 -175.804    1867.14
2   -672.371    74.7218 1761.44 289.244 -175.18 1861.24
2   -672.177    74.5605 1758.7  283.95  -177.671    1864.44
2   -677.057    73.0111 1759.27 276.681 -179.877    1859.63
2   -679.666    72.0078 1759.99 270.506 -184.84 1862
2   -678.019    74.7829 1761.98 270.554 -182.058    1860.77
2   -677.479    74.1888 1759.43 262.011 -181.976    1859.46
2   -675.801    72.6856 1761.62 249.772 -183.618    1858.62
2   -673.977    73.3059 1760.6  211.439 -185.918    1858.16
2   -676.896    74.378  1761.69 187.73  -187.043    1853.47
2   -675.837    72.0644 1760.55 185.534 -186.619    1854.07
2   -674.227    75.4101 1762.13 178.98  -189.209    1854.4
2   -675.326    79.734  1764.3  175.089 -188.452    1852.03
2   -679.437    81.6534 1759.17 173.355 -190.114    1850.4
2   -677.229    73.2702 1758.37 172.193 -192.591    1851.54
2   -677.778    70.6475 1757.62 169.273 -195.731    1850.02
2   -678.581    73.9383 1757.85 158.136 -197.969    1852.05
2   -679.684    73.358  1759.13 152.477 -200.209    1848.9
2   -678.781    71.9022 1757.86 146.632 -203.975    1850.96
2   -679.01 70.8305 1759.33 140.957 -206.592    1849.39
2   -681.472    71.6825 1761.44 132.452 -209.712    1844.95
2   -680.321    73.712  1760.28 124.494 -210.766    1843.43
2   -680.882    70.3046 1757.54 118.974 -210.955    1843.98
2   -679.096    74.273  1760.55 113.003 -213.845    1840.75
2   -680.092    73.8316 1759.88 113.886 -213.759    1841.94
2   -680.532    74.9663 1759.63 112.375 -216.13 1838.96
2   -678.975    75.6324 1754.9  112.202 -219.302    1836.45
2   -676.659    75.5388 1756.91 112.232 -219.756    1840.84
2   -676.034    74.4057 1754.6  112.185 -221.483    1840.78
2   -678.213    75.2944 1752.1  114.689 -221.316    1843.4
2   -679.395    84.9629 1753.91 118.079 -221.112    1843.66
2   -681.961    93.3989 1758.24 126.247 -224.206    1843.43
2   -682.532    95.7669 1756.19 134.321 -223.248    1841.57
2   -678.775    97.5137 1754.18 135.037 -224.639    1844.24
2   -681.076    99.9791 1753.99 135.947 -223.476    1847.55
2   -681.154    109.159 1752.43 139.747 -225.863    1845.26
2   -681.607    121.183 1752.85 142.104 -225.734    1846.64
2   -679.746    132.879 1754.45 144.081 -225.664    1846.71
2   -677.608    143.826 1757.03 144.316 -225.005    1846.86
2   -674.786    159.904 1759.21 145.161 -224.657    1845.29
2   -675.868    172.584 1760.34 143.913 -225.56 1842.27
2   -674.099    183.298 1759.17 142.523 -225.605    1845.16
2   -676.829    207.945 1759.66 142.418 -222.325    1846.15
2   -673.098    220.649 1756.57 141.259 -222.949    1844.77
2   -673.58 233.321 1756.67 137.003 -220.649    1842.29
2   -678.304    243.461 1755.33 135.929 -223.611    1844.26
2   -676.002    269.615 1758.85 137.459 -222.23 1842.57
2   -677.957    289.562 1758.89 138.657 -220.295    1845.14
2   -677.721    307.627 1758.86 138.01  -221.602    1846.06
2   -678.636    320.602 1757.88 136.761 -220.19 1843.46
2   -678.56 329.719 1755.39 136.964 -221.508    1843.54
2   -680.391    336.35  1753.56 135.649 -221.629    1844.33
2   -683.25 347.205 1753.38 140.261 -221.719    1848.89
2   -681.367    357.213 1752.62 140.415 -223.2  1842.58
2   -681.321    378.886 1757.73 145.398 -221.153    1844.13
2   -686.072    384.75  1754.32 146.797 -222.966    1846.25
2   -686.743    393.296 1752.42 147.39  -222.502    1843.93
2   -686.358    409.706 1754.79 142.269 -222.153    1846.29
2   -686.087    424.482 1758.9  137.723 -221.775    1847.38
2   -685.765    438.121 1757.56 136.921 -221.518    1848.52
2   -690.008    453.621 1761.57 137.26  -221.346    1849.46
2   -688.56 458.165 1761.31 136.126 -219.844    1849.29
2   -688.668    466.089 1761.92 137.35  -222.158    1847.77
2   -691.586    479.413 1765.07 136.682 -220.505    1848.68
2   -691.717    491.946 1771.59 135.788 -219.497    1847.01
2   -690.457    493.178 1770.02 136.603 -220.09 1847.53
2   -691.215    498.84  1771.46 136.124 -219.643    1848.64
2   -690.873    503.252 1769.35 136.315 -219.954    1846.45
2   -691.723    507.938 1774.18 136.317 -219.771    1844.39
2   -688.212    504.065 1768.74 137.7   -221.464    1845.12
2   -692.331    506.327 1770.35 137.46  -222.203    1845.66
2   -689.75 505.436 1769.42 136.072 -220.162    1846.34
2   -690.462    497.059 1769.01 137.126 -222.405    1843.71
2   -688.699    485.768 1766.78 136.379 -220.677    1842.62
2   -686.788    476.345 1767.34 138.534 -221.496    1843.3
2   -685.418    470.437 1767.27 140.977 -222.457    1839.15
2   -681.69 462.732 1770.35 142.984 -220.528    1838.16
2   -684.408    450.954 1768.65 143.165 -221.227    1840.42
2   -684.451    437.815 1765.47 141.965 -220.801    1843.88
2   -681.155    425.134 1766.96 138.694 -220.285    1846.95
2   -682.782    413.098 1768.74 137.679 -219.499    1846.25
2   -684.76 402.854 1769.57 136.441 -220.187    1845.05
2   -683.93 386.873 1769.11 137.789 -217.683    1845.39
2   -682.47 361.585 1767.23 137.308 -217.673    1844.15
2   -683.43 348.791 1766.6  137.218 -216.331    1846.88
2   -686.133    344.503 1769.92 136.451 -216.348    1842.45
2   -684.364    333.473 1770.24 136.655 -215.721    1841.63
2   -686.39 311.449 1764.62 134.93  -215.91 1844.34
2   -684.906    296.581 1763.99 138.584 -213.947    1843.83
2   -684.779    276.399 1760.82 142.218 -215.604    1845.12
2   -686.291    260.101 1756.98 145.125 -214.574    1840.72
2   -683.49 239.376 1753.23 143.11  -212.853    1843.12
2   -680.127    223.506 1752.19 143.363 -213.576    1841.19
2   -675.171    210.16  1750.69 143.691 -213.839    1844.32
2   -671.816    192.41  1750.39 143.603 -213.972    1846.67
2   -671.571    182.688 1752.94 143.221 -214.155    1848.83
2   -662.795    166.521 1753.88 142.733 -214.405    1847.78
2   -660.95 148.978 1755    142.534 -214.62 1846.99
2   -654.547    136.016 1757.04 142.858 -214.647    1849.7
2   -651.245    123.048 1758.39 141.949 -213.797    1850.36
2   -648.42 112.035 1763.82 142.73  -214.86 1848.37
2   -644.269    102.937 1773.24 141.624 -214.527    1852.54
2   -642.46 89.398  1770.82 137.271 -214.174    1850.04
2   -642.747    83.0224 1772    136.992 -214.737    1849.54
2   -640.548    78.3827 1774.88 138.119 -209.976    1849.67
2   -641.712    68.6858 1775.44 139.167 -207.138    1848.81
2   -641.857    60.2163 1770.78 139.281 -206.482    1850.33
2   -644.456    59.7346 1772.51 137.578 -205.457    1849.47
2   -646.122    58.3544 1768.97 137.449 -203.496    1846.4
2   -650.341    60.2676 1767.79 138.315 -202.931    1846.63
2   -651.885    60.3399 1764.51 138.184 -201.486    1848.95
2   -652.83 60.9024 1763.88 139.67  -198.8  1851.03
2   -651.867    60.302  1765.21 146.229 -195.609    1854.06
2   -651.178    61.2378 1763.56 152.379 -193.07 1852.79
2   -651.831    60.5762 1763.46 166.112 -188.933    1854.51
2   -653.396    60.8224 1764.35 183.598 -183.74 1858.88
2   -652.068    61.4322 1763.49 197.223 -181.766    1860.03
2   -650.277    59.3561 1762.82 206.509 -180.112    1861.12
2   -650.6  58.1454 1763.05 215.668 -178.369    1863.69
2   -650.737    58.9192 1762.57 220.769 -180.527    1865.46
2   -651.702    56.7504 1759.04 230.246 -179.599    1867.22
2   -651.657    59.6494 1759.75 238.725 -178.868    1868.93
2   -652.637    60.1386 1760.59 249.009 -180.935    1870.35
2   -650.706    59.1314 1761.52 259.36  -180.013    1876.71
2   -651.055    58.3838 1759.88 259.13  -181.874    1875.81
2   -652.943    59.8941 1759.97 260.166 -181.672    1879.42
2   -652.388    60.6886 1759.97 260.923 -181.631    1881.86
2   -652.602    61.4779 1760.45 264.399 -183.071    1882.57
2   -651.96 61.3397 1760.06 272.878 -180.448    1887.29
2   -651.124    60.8706 1757.58 279.598 -177.559    1890.05
2   -652.318    61.1622 1761.27 288.868 -176.317    1892.16
2   -652.135    60.8644 1760.43 304.212 -177.541    1892.52
2   -652.247    61.7109 1758.56 308.991 -174.526    1897.97
2   -652.841    62.9455 1758.08 314.506 -173.428    1899.81
2   -649.651    61.1653 1755.68 318.626 -172.586    1901.06
2   -650.217    60.9582 1754.52 320.199 -168.161    1904.12
2   -650.659    62.9678 1753.96 326.804 -165.382    1899.52
2   -649.859    64.4958 1753.68 335.793 -163.783    1904.85
2   -646.42 65.3898 1749.88 337.664 -162.023    1905.09
2   -649.225    66.8841 1756.28 340.797 -160.297    1906.6
2   -649.502    70.1543 1757.55 344.394 -159.272    1907.63
2   -652.815    70.8116 1757.45 347.711 -159.549    1907.05
2   -650.434    70.2493 1758.31 354.885 -158.054    1904.6
2   -650.133    70.126  1762.08 358.576 -155.708    1908.37
2   -650.281    67.0997 1759.04 361.061 -156.381    1900.72
2   -649.459    68.3921 1759.38 363.64  -156.198    1904.47
2   -649.647    67.9695 1761.33 362.475 -157.218    1900.65
2   -649.423    68.4386 1760.52 359.724 -156.583    1899.58
2   -651.751    68.7465 1761.96 356.778 -158.115    1899.63
2   -650.041    66.9652 1758.18 354.483 -156.593    1901.88
2   -650.187    69.4747 1759.24 349.509 -155.519    1898.65
2   -651.996    68.6927 1758.66 344.47  -158.006    1894.22
2   -653.354    67.127  1758.62 338.075 -161.026    1894.3
2   -654.702    66.8662 1760.98 331.827 -161.537    1890.36
2   -655.465    66.3143 1761.45 325.946 -160.292    1888.22
2   -658.703    66.9214 1761.55 320.353 -163.133    1887.61
2   -657.952    67.942  1761.21 312.214 -162.293    1886.35
2   -657.899    68.0629 1760.56 289.066 -165.008    1881.03
2   -656.531    67.4601 1761.3  285.34  -165.53 1877.69
2   -659.132    68.1302 1759.95 267.825 -164.311    1876.65
2   -657.921    67.0881 1757.96 259.426 -166.479    1876.43
2   -658.13 68.1508 1758.65 253.014 -167.95 1870.12
2   -658.183    68.4104 1758.17 247.657 -167.992    1869.74
2   -657.074    67.164  1756.29 238.744 -167.742    1867.43
2   -658.114    67.3779 1755.57 229.066 -168.258    1866.15
2   -655.911    67.1799 1756.59 219.632 -167.622    1864.84
2   -656.327    67.2043 1754.96 212.174 -168.09 1862.52
2   -657.848    68.4711 1752.63 198.475 -170.051    1859.32
2   -659.394    71.0774 1754.57 181.728 -168.26 1858.37
2   -657.594    70.6505 1754.92 171.657 -169.482    1857.52
2   -658.297    70.1864 1755.54 166.553 -169.523    1857.26
2   -657.53 70.3457 1754.7  161.04  -169.729    1853.96
2   -659.364    70.6171 1753.59 154.101 -171.176    1851.04
2   -658.462    71.951  1754.83 148.167 -171.772    1852.3
2   -659.423    72.5326 1755.01 143.004 -173.834    1848.68
2   -658.25 71.4943 1756.31 125.602 -174.539    1848.48
2   -658.77 70.4609 1755.39 115.979 -174.321    1849.04
2   -659.866    70.3403 1754.76 109.947 -174.395    1846.73
2   -660.764    70.0311 1755.3  107.185 -174.949    1846.83
2   -661.508    70.9444 1754.91 103.033 -176.594    1843.7
2   -660.853    69.577  1756.71 99.1157 -176.295    1842.06
2   -661.32 70.6185 1757.45 95.3991 -174.638    1842.65
2   -659.193    69.5853 1757.24 91.6561 -175.022    1844.32
2   -661.25 69.7996 1755.81 90.8862 -175.498    1846.7
2   -657.768    70.5554 1756.14 90.777  -174.481    1850.5
2   -659.384    70.4393 1755.98 89.8148 -176.031    1852.38
2   -663.288    69.8188 1753.26 87.8278 -176.329    1852.1
2   -661.29 74.3975 1753.78 86.4034 -178.361    1853.72
2   -660.218    78.2705 1750.7  88.333  -178.313    1855.99
2   -661.896    79.8599 1751.45 92.6108 -178.832    1858.45
2   -660.446    85.176  1752.17 99.792  -177.788    1857.55
2   -660.277    89.9273 1750.15 114.28  -176.297    1863.09
2   -662.476    95.1235 1750.11 126.745 -175.94 1862.56
2   -663.681    104.402 1749.8  142.434 -173.228    1865.93
2   -666.407    114.235 1750.4  152.96  -171.938    1867.22
2   -667.051    119.723 1746.55 164.373 -169.159    1863.96
2   -668.432    125.861 1745.85 172.709 -168.707    1869.05
2   -667.674    137.976 1747.6  181.46  -167.348    1872.85
2   -671.131    149.366 1749.08 195.539 -165.134    1870.71
2   -671.41 161.608 1751.77 199.954 -166.676    1875.82
2   -673.296    173.783 1749.98 208.907 -166.329    1879.22
2   -675.971    184.411 1751.37 221.018 -170.728    1881.31
2   -680.092    195.778 1753.93 228.428 -169.328    1884.91
2   -681.399    205.896 1752.36 237.625 -169.001    1887.6
2   -684.993    219.973 1754.27 248.291 -169.457    1891.67
2   -687.656    231.511 1755.87 259.261 -170.198    1893.31
2   -688.96 242.632 1756.01 266.733 -168.519    1898.53
2   -691.494    259.229 1754.65 277.964 -169.152    1902.45
2   -699.858    276.586 1760.63 287.905 -169.399    1904.53
2   -703.442    288.214 1757.45 297.61  -169.599    1907.92
2   -707.775    299.874 1757.16 309.752 -166.04 1910.08
2   -710.301    310.978 1757.11 319.056 -168.806    1913.66
2   -715.224    321.413 1756.33 326.084 -167.565    1916.02
2   -718.001    332.201 1752.89 334.193 -167.961    1918.48
2   -720.084    343.57  1753.09 341.956 -166.854    1920.33
2   -724.387    355.07  1753.5  348.207 -165.423    1925.67
2   -726.589    362.834 1751.68 349.381 -166.471    1933.13
2   -726.513    369.93  1751.95 348.762 -163.801    1932.6
2   -730.567    379.614 1749.99 348.462 -164.894    1934.72
2   -733.434    393.873 1754.64 349.099 -165.017    1934.16
2   -734.7  394.356 1751.37 353.124 -161.986    1938.37
2   -743.712    404.531 1749.77 356.076 -161.034    1938.72
2   -743.897    414.171 1752.91 364.329 -160.555    1939.55
2   -744.871    421.135 1753.62 372.267 -160.785    1942
2   -749.513    429.549 1754.18 383.718 -160.978    1943.24
2   -748.761    432.032 1752.76 385.731 -161.178    1945.63
2   -753.948    438.171 1752.81 384.81  -160.087    1945.88
2   -755.372    443.539 1754.54 381.496 -160.633    1944.48
2   -756.287    453.648 1755.47 383.081 -160    1945.95
2   -760.301    458.952 1758.83 384.313 -160.348    1950.39
2   -761.723    463.374 1759.82 386.527 -158.571    1952.59
2   -766.912    468.948 1761.81 387.106 -156.669    1954.95
2   -770.08 469.353 1759.37 384.016 -154.88 1955.72
2   -770.372    472.825 1761.23 383.874 -153.619    1953.41
2   -769.2  473.729 1762.46 386.072 -149.442    1957.97
2   -769.247    474.345 1764.96 386.562 -148.384    1955.42
2   -767.832    474.203 1763.02 383.672 -147.969    1953.56
2   -763.824    473.587 1763.85 384.953 -147.357    1954.03
2   -764.949    473.74  1766.07 384.861 -148.097    1951.06
2   -764.005    471.356 1763.95 385.42  -147.95 1951.7
2   -764.625    468.416 1764.17 385.811 -148.156    1952.71
2   -766.679    467.624 1762.11 385.557 -148.677    1949.93
2   -768.856    470.399 1762.92 384.769 -147.904    1951.49
2   -767.432    468.154 1761.13 386.021 -149.563    1951.18
2   -767.903    469.19  1761.15 386.017 -148.616    1950.24
2   -768.049    470.818 1761.65 386.75  -149.935    1951.76
2   -771.62 472.639 1764.62 385.181 -151.113    1949.26
2   -770.28 472.927 1765.76 384.861 -150.916    1950.28
2   -769.253    473.253 1764.71 384.013 -153.004    1950.28
2   -771.402    475.112 1764.63 383.553 -153.859    1948.24
2   -771.76 472.843 1762.54 383.414 -152.232    1951.79
2   -770.99 473.623 1764.81 383.103 -152.849    1951.22
2   -771.249    474.131 1764.87 383.603 -153.078    1953.23
2   -772.879    473.403 1764.45 384.318 -152.688    1954.74
2   -772.117    473.418 1764.17 383.086 -151.548    1953.05
2   -771.961    472.526 1766.43 383.112 -152.265    1954.08
2   -767.928    471.117 1766.43 385.438 -154.5  1956.49
2   -766.339    469.843 1769.29 384.333 -152.348    1956.74
2   -763.674    469.793 1768.76 382.436 -153.154    1955.52
2   -767.849    468.442 1768.27 383.757 -152.417    1956.63
2   -765.918    467.65  1766.7  382.76  -154.353    1955.61
2   -763.788    469.649 1768.79 385.82  -157.392    1957.37
2   -764.881    466.704 1768    385.511 -156.556    1960.92
2   -766.238    467.664 1768.71 385.034 -157.14 1958.19
2   -765.288    467.023 1769.68 384.296 -160.417    1951.53
2   -764.207    466.459 1770.34 383.646 -160.825    1952.52
2   -767.022    467.575 1773.13 385.4   -160.663    1951.12
2   -766.656    462.702 1771.99 383.592 -160.587    1950.04
2   -765.125    459.11  1771.84 383.176 -159.622    1954.34
2   -767.606    454.842 1775.26 383.083 -161.4  1952.86
2   -763.678    450.509 1773.59 381.401 -162.924    1950.06
2   -761.585    445.39  1774.55 378.804 -165.773    1945.91
2   -756.899    440.662 1775.01 374.769 -165.224    1943.1
2   -757.834    432.875 1778.13 371.311 -168.613    1943.08
2   -756.219    428.435 1779.54 365.733 -168.788    1940.49
2   -754.54 416.642 1780.34 361.585 -167.67 1940.43
2   -750.776    407.742 1779.67 359.246 -172.401    1937.25
2   -748.384    396.591 1779.83 355.958 -174.046    1935.07
2   -741.692    381.38  1777.04 353.202 -175.836    1936.74
2   -740.065    372.182 1773.62 353.309 -175.725    1937.07
2   -742.097    367.791 1774.4  350.073 -177.104    1935.89
2   -740.011    363.539 1774.93 344.308 -179.134    1935.1
2   -739.484    353.715 1773.09 339.277 -179.081    1933.77
2   -737.805    342.384 1774.37 334.513 -178.065    1931.01
2   -736.467    330.293 1773.31 331.036 -178.766    1931.41
2   -734.71 321.71  1771.23 324.165 -179.474    1929.12
2   -731.188    315.041 1771.1  320.454 -175.544    1929.32
2   -728.084    302.375 1770.23 307.437 -175.128    1919.88
2   -730.442    294.233 1769.06 299.217 -171.389    1920.1
2   -730.51 288.791 1769.75 293.044 -169.662    1920.28
2   -723.334    275.137 1767.57 287.965 -166.259    1917.26
2   -723.596    262.853 1768.21 282.692 -163.759    1916.27
2   -721.443    253.828 1761.62 274.846 -162.792    1909.6
2   -719.619    242.977 1761.76 271.026 -163.621    1907.2
2   -713.204    235.62  1760.8  266.315 -163.333    1906.46
2   -711.69 226.345 1760.71 260.503 -164.019    1905.87
2   -709.183    217.149 1760.24 250.217 -164.302    1900.18
2   -708.719    208.359 1763.03 238.957 -164.54 1895.03
2   -706.074    200.764 1761.38 229.54  -165.435    1891.92
2   -699.479    192.04  1761.27 218.63  -167.858    1888.07
2   -699.211    181.999 1762.04 210.237 -171.595    1886.06
2   -698.572    170.719 1761.41 204.229 -180.327    1880.17
2   -691.672    162.573 1760.68 198.758 -185.467    1873.82
2   -685.602    159.043 1765.8  193.233 -191.909    1870.63
2   -680.234    152.64  1766.63 190.195 -194.892    1866.82
2   -675.921    142.95  1766.13 187.308 -199.668    1865.22
2   -671.984    133.919 1762.34 181.181 -209.112    1858.4
2   -673.544    131.538 1767.31 175.084 -218.131    1852.47
2   -666.281    127.869 1764.9  169.404 -221.472    1850.7
2   -665.71 121.788 1764.68 162.677 -226.169    1847.65
2   -662.325    117.351 1763.63 158.435 -232.418    1845.25
2   -661.744    113.822 1765.64 154.159 -236.388    1846.77
2   -660.558    102.539 1763.03 147.706 -237.224    1840.95
2   -661.731    93.7446 1765.81 136.32  -243.626    1839.9
2   -659.703    85.9506 1762.94 128.368 -244.615    1837.24
2   -657.625    83.4252 1763.26 126.314 -246.428    1832.7
2   -658.834    81.6432 1763.32 124.117 -248.429    1831.69
2   -658.435    77.671  1760.65 121.401 -249.189    1828.65
2   -660.284    73.9124 1760.05 119.724 -251.929    1829.39
2   -658.957    71.5636 1759.16 113.801 -255.157    1821.99
2   -660.758    68.8044 1756.94 108.79  -257.872    1818.95
2   -661.24 68.3201 1756.37 107.775 -256.17 1817.25
2   -659.004    68.7019 1755.47 107.388 -256.275    1816.79
2   -660.074    67.9327 1755.67 108.165 -255.914    1814.6
2   -657.411    65.8517 1755.78 106.642 -255.463    1814.31
2   -657.811    65.6486 1753.73 107.761 -255.498    1812.98
2   -657.822    68.3053 1755.71 106.051 -254.074    1814.72
2   -655.505    72.1902 1755.19 105.949 -254.616    1815.93
2   -654.226    73.1907 1758.27 108.046 -254.257    1818.39
2   -655.648    73.2787 1757.95 107.235 -250.051    1820.36
2   -657.572    72.4229 1758.24 109.272 -245.572    1821.28
2   -656.103    74.4473 1760.77 110.086 -244.333    1824.4
2   -656.247    71.4678 1759.98 109.957 -241.24 1824.41
2   -657.042    72.1506 1757.54 110.233 -237.238    1826.3
2   -655.836    73.8781 1757.16 110.672 -234.617    1830.02
2   -655.164    71.5529 1756.13 112.567 -229.704    1830.64
2   -655.019    73.6981 1754.47 115.502 -228.808    1831.01
2   -652.955    72.5499 1753.79 124.911 -224.269    1832.82
2   -656.739    74.8918 1752.74 137.137 -221.518    1834.52
2   -656.356    74.9163 1751.32 140.058 -219.633    1835.47
2   -654.255    80.1082 1747.89 141.624 -216.093    1840.86
2   -660.526    86.0545 1746.97 141.616 -214.895    1839.4
2   -660.485    93.6542 1749.25 142.513 -211.632    1843.26
2   -659.336    98.7961 1748.95 143.745 -205.554    1844.47
2   -659.239    101.596 1746.04 150.397 -202.662    1843.7
2   -659.96 106.895 1746    161.051 -200.047    1845.58
2   -661.421    111.432 1746.45 169.789 -196.733    1849.96
2   -664.902    117.462 1746.09 171.147 -194.155    1846.15
2   -665.239    119.258 1743.96 176.058 -189.653    1853.23
2   -667.106    121.512 1741.87 181.988 -184.739    1854.97
2   -667.005    128.934 1741.93 186.27  -179.974    1857.7
2   -670.557    133.598 1740.17 189.227 -175.25 1859.12
2   -669.788    135.405 1736.47 192.41  -169.628    1864.11
2   -671.917    143.776 1737.16 196.336 -164.84 1868.23
2   -671.646    155.764 1736.23 205.655 -162.204    1866.93
2   -674.312    172.583 1739.02 208.771 -156.97 1871.03
2   -681.087    175.018 1734.47 208.204 -154.291    1874.63
2   -680.189    180.888 1733.57 206.822 -150.162    1876.85
2   -680.267    183.808 1731.11 206.612 -144.899    1880.45
2   -678.53 187.52  1729.13 206.724 -140.841    1880
2   -681.768    195.468 1728.79 207.164 -138.93 1882.07
2   -681.745    206.155 1729.03 208.762 -137.51 1884.23
2   -678.851    214.218 1728.6  215.24  -132.48 1888.82
2   -682.255    219.926 1726.79 222.389 -130.532    1889.64
2   -681.656    225.672 1729.1  235.421 -127.801    1893.67
2   -687.246    234.809 1728.18 253.328 -126.17 1901.2
2   -683.934    241.106 1728.27 256.782 -124.232    1903.16
2   -685.049    244.334 1725.63 259.151 -124.056    1903.73
2   -686.66 258.631 1728.96 263.173 -123.597    1906.35
2   -688.391    271.395 1735.49 269.385 -121.115    1909.33
2   -690.241    276.111 1730.65 276.17  -120.419    1912.4
2   -692.893    285.112 1736.07 282.787 -116.719    1920.28
2   -696.221    290.837 1737.75 294.024 -116.53 1920.76
2   -696.404    296.459 1742.6  298.857 -114.83 1927.38
2   -696.901    303.174 1742.34 300.773 -116.692    1927.64
2   -700.106    308.809 1743.24 306.036 -117.576    1929.25
2   -701.341    313.499 1743.4  310.403 -116.613    1937.05
2   -699.563    318.013 1745.79 312.69  -116.176    1941.2
2   -698.463    322.984 1749.02 313.421 -117.181    1942.97
2   -700.897    328.156 1751.24 313.337 -119.258    1947.36
2   -699.197    328.54  1752.95 314.13  -119.265    1951.21
2   -700.446    331.14  1750.02 315.951 -124.584    1950.43
2   -701.15 340.11  1754.77 316.154 -125.386    1949.35
2   -700.578    344.454 1754.1  318.853 -124.705    1950.07
2   -702.781    346.982 1755.42 325.941 -129.503    1952.25
2   -704.856    348.794 1754.06 331.218 -128.911    1952.92
2   -704.379    357.252 1755.82 340.76  -130.339    1958.04
2   -701.701    361.166 1755.04 346.916 -131.038    1962.05
2   -708.22 363.495 1752.5  353.619 -133.446    1962.79
2   -708.497    368.647 1750.56 355.373 -133.559    1965.5
2   -708.398    370.924 1751.96 357.571 -137.923    1962.13
2   -711.443    378.97  1751.13 358.418 -140.859    1961.55
2   -714.314    380.265 1752.55 359.484 -139.742    1966.1
2   -712.812    382.374 1748.13 359.072 -138.371    1963.71
2   -713.964    379.716 1746.84 359.156 -138.234    1964.82
2   -715.462    380.497 1746.74 361.18  -133.9  1965.93
2   -716.711    377.113 1742.31 360.691 -132.696    1967.94
2   -719.904    380.233 1743.52 361.118 -131.001    1967.27
2   -720.908    380.877 1740.48 361.522 -127.463    1967.89
2   -718.242    382.353 1739.58 362.755 -121.343    1968.23
2   -720.357    385.527 1743.5  362.34  -118.346    1964.79
2   -721.998    384.491 1738.89 361.604 -117.239    1965.68
2   -723.982    387.097 1740.32 360.413 -115.216    1962.71
2   -725.436    389.379 1739.91 361.254 -111.509    1965.56
2   -728.194    390.429 1739.88 360.589 -112.13 1963.54
2   -729.988    389.017 1739.24 359.534 -112.791    1962.2
2   -728.684    388.562 1739.52 359.095 -110.381    1960.64
2   -728.373    390.846 1742.74 357.465 -106.596    1960.92
2   -729.092    390.483 1738.12 357.328 -106.041    1959.18
2   -731.319    392.434 1742.46 358.488 -105.422    1961.09
2   -728.521    389.685 1746.55 359.318 -104.654    1957.98
2   -728.771    389.833 1746.71 358.967 -108.371    1960.05
2   -728.636    390.327 1748.17 359.304 -110.823    1959.5
2   -726.856    385.837 1747.31 360.794 -111.177    1963.6
2   -728.665    388.423 1752.13 360.584 -113.542    1961.12
2   -723.878    383.143 1750.25 359.066 -113.698    1961.15
2   -724.98 380.599 1752.72 358.768 -112.843    1961.42
2   -724.911    380.272 1755.57 361.905 -113.225    1962.58
2   -727.687    377.703 1759.61 370.885 -115.624    1962.22
2   -726.052    375.062 1758.95 379.129 -120.366    1966.24
2   -722.673    373.242 1763.62 383.511 -120.684    1970.58
2   -722.98 366.491 1764.18 382.41  -123.492    1972.26
2   -716.755    364.217 1767.99 376.676 -129.141    1963.03
2   -715.351    358.829 1769.36 372.535 -132.646    1965.73
2   -712.552    351.363 1767.38 371.609 -133.875    1967.18
2   -713.514    338.455 1770.91 368.097 -133.502    1966.32
2   -713.808    327.831 1770.13 365.814 -140.116    1964.16
2   -710.976    322.983 1769.6  357.896 -145.385    1962.23
2   -709.914    317.183 1772.01 350.714 -146.803    1961.99
2   -708.581    308.219 1775.28 347.633 -152.903    1959.19
2   -707.474    298.388 1772.89 341.825 -156.305    1962.56
2   -706.178    296.49  1772.64 337.251 -160.618    1958.17
2   -710.164    291.803 1772.83 332.531 -163.996    1961.3
2   -706.81 290.071 1774.6  329.34  -169.067    1952.56
2   -708.024    282.593 1772.56 326.806 -172.424    1953.53
2   -702.167    273.248 1770.24 325.665 -174.965    1951.68
2   -698.366    264.805 1770.12 322.382 -176.317    1954.95
2   -690.395    253.885 1765.6  313.234 -176.846    1950.85