GRT_LABELLED_CLASSIFICATION_DATA_FILE_V1.0
DatasetName: both-hand-static-gesture
InfoText: Gesture Recognition For Human-Robot Interaction by Aravinth Panchadcharam <me@aravinth.info>
NumDimensions: 6
TotalNumExamples: 1068
NumberOfClasses: 1
ClassIDsAndCounters: 
1	1068	NOT_SET
UseExternalRanges: 0
Data:
1   295.875 -256.449 1579.450 -328.171 -284.197 1476.640
1   297.730 -254.804 1581.940 -325.936 -283.322 1475.180
1   292.106 -251.045 1580.980 -325.254 -282.919 1475.690
1   293.853 -249.847 1581.370 -325.835 -282.990 1475.580
1   295.862 -254.105 1585.510 -326.558 -283.708 1476.150
1   296.150 -252.292 1582.940 -326.967 -283.541 1477.100
1   296.790 -254.029 1582.830 -325.803 -283.289 1475.900
1   299.324 -256.816 1580.040 -326.994 -283.219 1476.900
1   295.279 -255.863 1576.160 -325.536 -283.883 1477.650
1   295.758 -256.846 1573.390 -327.166 -283.933 1477.620
1   296.907 -256.531 1578.540 -324.235 -284.901 1475.310
1   295.482 -253.318 1578.890 -326.107 -283.751 1477.690
1   295.460 -254.331 1578.690 -326.105 -283.799 1477.830
1   294.460 -253.595 1578.320 -324.937 -283.978 1477.070
1   293.432 -249.168 1579.500 -325.946 -284.175 1477.760
1   293.728 -247.128 1585.770 -324.232 -285.054 1475.680
1   294.430 -244.942 1586.280 -325.412 -282.941 1476.890
1   297.440 -249.079 1583.110 -323.362 -282.685 1477.720
1   297.630 -254.684 1576.910 -325.193 -283.677 1476.130
1   300.708 -261.788 1577.070 -324.886 -284.363 1476.320
1   302.938 -261.567 1571.770 -324.285 -283.505 1476.520
1   303.624 -259.466 1569.580 -323.500 -282.579 1474.670
1   302.821 -260.610 1570.460 -321.944 -282.420 1473.900
1   303.364 -259.990 1569.320 -323.041 -282.403 1472.320
1   302.470 -259.958 1563.240 -321.684 -280.995 1470.210
1   306.284 -260.618 1558.320 -321.348 -280.353 1469.680
1   308.324 -263.060 1554.570 -320.891 -280.425 1466.920
1   310.558 -259.898 1556.220 -319.035 -280.705 1465.620
1   309.892 -254.941 1554.160 -317.508 -279.247 1462.850
1   312.164 -251.845 1548.730 -316.425 -277.870 1464.460
1   316.165 -252.541 1543.750 -315.936 -274.265 1464.230
1   317.223 -250.518 1538.400 -318.025 -272.046 1458.880
1   314.747 -244.089 1532.960 -318.588 -271.299 1451.990
1   314.245 -235.006 1532.890 -320.926 -271.119 1448.290
1   311.590 -228.665 1532.110 -322.676 -268.668 1440.820
1   310.649 -223.733 1527.960 -327.272 -267.759 1434.260
1   309.869 -223.280 1524.590 -330.094 -267.716 1425.830
1   306.427 -222.186 1515.920 -334.198 -264.996 1417.130
1   304.691 -224.587 1507.530 -339.643 -263.723 1408.360
1   302.350 -229.028 1505.140 -343.320 -262.269 1399.690
1   298.224 -227.588 1497.850 -346.141 -259.158 1391.330
1   294.114 -225.770 1494.570 -349.618 -258.508 1383.870
1   289.573 -221.647 1491.830 -352.742 -255.581 1377.310
1   285.761 -215.907 1492.360 -356.302 -254.253 1372.790
1   285.433 -215.343 1492.810 -355.848 -253.983 1366.230
1   283.185 -213.530 1491.630 -361.120 -252.463 1361.890
1   280.952 -212.726 1487.590 -362.477 -250.292 1356.930
1   277.173 -208.454 1480.900 -360.753 -247.643 1352.210
1   277.436 -206.951 1476.270 -360.251 -243.651 1350.850
1   277.397 -204.399 1474.330 -358.803 -236.362 1349.380
1   277.514 -203.176 1472.280 -357.924 -230.943 1347.200
1   281.399 -204.203 1467.670 -354.707 -228.590 1342.800
1   280.738 -203.924 1462.020 -349.563 -229.064 1337.050
1   284.395 -202.319 1457.790 -347.691 -228.884 1332.030
1   287.113 -202.263 1452.000 -344.090 -228.495 1326.560
1   293.273 -204.328 1445.460 -341.843 -232.116 1323.660
1   297.976 -207.906 1437.550 -339.130 -233.533 1315.350
1   301.717 -210.196 1432.670 -335.647 -235.459 1311.160
1   308.289 -212.690 1426.360 -329.891 -233.995 1306.970
1   310.116 -210.394 1417.070 -324.447 -226.436 1304.730
1   315.608 -208.740 1413.150 -317.713 -221.894 1302.350
1   317.704 -204.617 1408.430 -313.317 -219.398 1297.140
1   321.057 -202.022 1404.390 -308.031 -218.455 1293.810
1   322.337 -200.309 1397.300 -303.790 -218.273 1291.240
1   327.933 -202.194 1391.170 -298.588 -217.721 1287.800
1   330.368 -203.789 1385.240 -295.296 -215.489 1285.370
1   329.957 -201.926 1379.950 -291.813 -213.873 1283.920
1   329.273 -194.956 1376.020 -290.640 -213.898 1281.710
1   329.604 -189.126 1375.110 -290.733 -212.522 1280.240
1   329.956 -185.145 1371.250 -289.183 -210.690 1278.370
1   331.120 -185.463 1366.940 -288.213 -209.736 1276.740
1   329.756 -184.403 1360.090 -289.897 -206.831 1273.510
1   329.718 -183.815 1354.290 -290.346 -206.629 1267.870
1   329.761 -183.365 1349.670 -293.101 -211.370 1264.150
1   329.348 -179.848 1346.730 -295.889 -211.613 1258.630
1   329.299 -176.655 1345.490 -298.261 -211.262 1249.350
1   327.358 -172.480 1344.350 -303.678 -210.030 1245.440
1   326.244 -172.793 1341.150 -308.758 -206.331 1236.040
1   325.231 -172.273 1338.880 -313.481 -202.789 1229.970
1   323.818 -171.851 1336.850 -317.089 -201.509 1222.430
1   322.273 -172.110 1333.620 -321.540 -199.950 1215.640
1   320.634 -170.864 1332.250 -325.662 -198.076 1209.460
1   319.775 -170.065 1330.220 -330.228 -195.328 1203.730
1   319.576 -167.839 1329.010 -332.613 -193.073 1200.830
1   318.817 -165.288 1327.020 -332.455 -189.514 1193.200
1   314.782 -160.316 1325.540 -333.167 -188.399 1188.190
1   313.214 -160.050 1322.460 -334.127 -188.222 1183.370
1   313.200 -158.802 1320.000 -336.970 -188.746 1181.640
1   313.962 -159.025 1317.940 -337.065 -188.290 1178.700
1   314.408 -157.580 1317.480 -336.067 -185.994 1177.720
1   312.600 -155.432 1316.570 -335.186 -187.105 1176.040
1   314.068 -158.002 1315.910 -334.052 -186.641 1175.800
1   312.077 -154.625 1310.250 -332.881 -186.226 1175.690
1   315.042 -156.079 1305.310 -330.719 -186.688 1176.270
1   313.995 -156.321 1300.770 -329.844 -187.391 1177.580
1   315.187 -156.577 1297.960 -328.771 -187.632 1180.320
1   319.242 -155.892 1296.700 -325.806 -187.678 1181.270
1   320.921 -154.895 1296.120 -321.364 -188.416 1182.880
1   320.217 -154.240 1293.310 -318.689 -188.187 1184.070
1   323.286 -154.786 1291.130 -312.760 -187.287 1185.300
1   323.709 -153.655 1289.750 -308.595 -187.734 1186.930
1   325.077 -154.175 1287.740 -307.621 -188.017 1188.850
1   328.104 -154.552 1288.050 -306.472 -188.022 1190.990
1   330.861 -154.234 1289.730 -305.597 -187.496 1193.220
1   330.714 -152.045 1291.670 -306.306 -187.217 1194.310
1   331.746 -152.389 1292.930 -305.399 -187.577 1196.400
1   331.553 -153.127 1295.290 -307.479 -188.362 1198.310
1   331.109 -154.700 1296.200 -309.726 -189.823 1199.610
1   328.952 -155.533 1299.550 -312.011 -189.799 1201.380
1   327.649 -157.731 1302.960 -315.721 -190.919 1204.150
1   325.010 -158.231 1305.560 -319.076 -192.799 1206.190
1   324.800 -165.016 1309.330 -322.994 -195.289 1209.130
1   321.860 -169.202 1307.220 -327.740 -199.182 1214.730
1   319.254 -172.299 1311.590 -331.041 -199.872 1217.080
1   317.310 -173.274 1319.210 -333.945 -202.713 1220.030
1   314.255 -172.731 1322.230 -338.735 -205.368 1224.680
1   310.337 -172.494 1328.350 -342.057 -206.666 1226.920
1   308.151 -169.859 1335.100 -343.609 -207.579 1230.610
1   305.025 -170.629 1341.780 -345.655 -209.330 1234.940
1   304.144 -170.574 1348.700 -347.230 -211.656 1241.910
1   303.119 -170.998 1356.140 -348.779 -213.349 1246.600
1   302.992 -171.911 1360.980 -349.722 -216.174 1249.190
1   299.712 -175.813 1364.360 -350.478 -220.320 1250.470
1   301.618 -177.831 1371.450 -350.880 -221.842 1255.060
1   300.220 -177.727 1374.330 -349.638 -220.493 1258.580
1   299.326 -177.824 1377.260 -346.411 -220.873 1263.210
1   298.326 -180.093 1382.650 -344.000 -221.162 1267.360
1   297.160 -181.430 1387.380 -341.972 -221.096 1273.500
1   294.965 -184.430 1390.550 -338.063 -224.761 1275.750
1   295.702 -189.671 1395.490 -335.412 -227.521 1281.440
1   292.485 -191.924 1399.760 -334.153 -228.840 1286.010
1   292.204 -195.254 1403.680 -328.387 -227.141 1290.840
1   292.999 -202.551 1409.270 -326.491 -225.912 1298.150
1   293.308 -209.106 1412.220 -322.855 -227.096 1303.110
1   291.188 -211.742 1411.740 -319.955 -226.577 1309.290
1   292.508 -212.758 1417.230 -317.580 -225.360 1318.190
1   293.285 -213.806 1422.520 -316.195 -224.240 1324.400
1   292.407 -214.389 1426.480 -312.373 -224.188 1328.910
1   293.653 -215.387 1431.300 -310.552 -226.174 1333.980
1   295.989 -217.961 1434.660 -311.753 -226.236 1343.100
1   297.451 -219.932 1439.850 -311.625 -227.935 1348.140
1   299.702 -223.270 1444.250 -309.531 -227.956 1352.980
1   300.879 -228.426 1449.010 -311.359 -228.296 1357.720
1   299.111 -229.144 1452.700 -312.798 -229.094 1362.510
1   298.225 -228.406 1459.340 -314.009 -230.883 1366.790
1   297.183 -230.042 1463.490 -315.771 -231.396 1371.210
1   290.800 -228.813 1465.240 -322.328 -233.423 1375.730
1   285.309 -226.513 1471.940 -325.270 -238.128 1378.620
1   281.168 -226.635 1477.060 -330.228 -242.961 1385.310
1   279.112 -228.743 1482.490 -331.355 -247.013 1385.550
1   274.327 -228.407 1490.240 -335.964 -250.316 1387.410
1   271.298 -230.346 1494.950 -338.846 -254.957 1391.520
1   265.599 -230.637 1504.650 -340.820 -258.362 1395.270
1   263.080 -231.577 1512.690 -344.699 -259.619 1397.570
1   259.659 -231.537 1521.260 -350.606 -260.619 1400.300
1   258.585 -234.972 1529.600 -353.527 -262.397 1403.960
1   251.620 -236.770 1535.280 -357.115 -265.079 1408.050
1   248.908 -241.196 1539.720 -360.208 -269.987 1412.680
1   246.905 -248.873 1547.460 -363.365 -271.606 1417.180
1   243.232 -253.226 1550.510 -367.185 -274.601 1419.230
1   238.738 -258.773 1558.830 -368.659 -274.243 1420.070
1   234.820 -258.557 1565.110 -373.349 -272.305 1426.200
1   231.991 -260.177 1571.080 -374.131 -272.194 1432.500
1   228.347 -259.792 1570.850 -373.613 -274.808 1435.880
1   224.166 -259.507 1576.180 -374.066 -277.665 1438.290
1   220.583 -264.627 1582.210 -374.246 -278.603 1439.580
1   221.341 -261.649 1588.370 -377.014 -277.723 1445.080
1   215.399 -261.850 1593.530 -374.978 -278.236 1448.700
1   211.323 -260.645 1597.340 -373.861 -281.867 1452.090
1   210.395 -262.606 1600.610 -374.212 -283.425 1456.850
1   207.782 -267.703 1605.580 -369.566 -285.396 1462.850
1   206.511 -270.490 1604.870 -368.750 -285.885 1464.480
1   202.419 -272.340 1606.490 -364.481 -284.740 1469.780
1   199.685 -273.022 1610.200 -363.709 -282.800 1475.730
1   198.261 -273.495 1615.860 -363.923 -282.954 1483.250
1   196.774 -277.201 1616.990 -363.702 -282.811 1489.620
1   197.575 -285.568 1615.750 -357.663 -283.938 1496.160
1   199.859 -295.596 1613.680 -360.059 -285.045 1503.100
1   205.023 -308.207 1613.850 -362.052 -286.972 1511.400
1   203.362 -315.610 1615.220 -361.884 -288.019 1519.810
1   203.720 -319.810 1615.320 -363.582 -290.188 1526.380
1   205.432 -323.241 1615.420 -364.727 -290.739 1535.340
1   202.594 -321.270 1619.770 -365.006 -292.071 1540.310
1   199.069 -315.207 1624.870 -368.594 -294.234 1547.120
1   200.488 -313.777 1630.930 -370.797 -296.622 1551.450
1   197.269 -307.673 1637.400 -372.172 -304.841 1555.210
1   191.486 -306.817 1641.570 -372.320 -311.348 1560.450
1   189.836 -304.452 1643.190 -376.390 -312.115 1566.820
1   181.365 -299.044 1649.810 -381.722 -311.777 1565.160
1   178.994 -300.015 1654.640 -384.714 -312.966 1566.100
1   176.802 -302.712 1656.340 -390.599 -316.906 1567.750
1   169.517 -302.168 1655.850 -393.347 -319.326 1566.040
1   171.509 -309.431 1657.800 -396.182 -321.056 1565.190
1   165.261 -313.231 1659.880 -402.543 -320.841 1566.630
1   159.751 -311.873 1660.950 -410.561 -318.905 1567.600
1   156.181 -307.684 1666.760 -416.975 -318.322 1566.890
1   151.082 -307.476 1671.230 -425.660 -317.031 1566.880
1   137.145 -300.924 1667.720 -435.216 -318.039 1569.130
1   135.315 -301.657 1676.050 -443.454 -318.071 1567.830
1   127.131 -298.951 1675.790 -452.858 -319.459 1567.440
1   120.882 -296.521 1680.040 -459.351 -318.059 1567.780
1   113.012 -294.863 1682.040 -466.736 -318.738 1570.830
1   111.228 -299.786 1685.770 -477.008 -319.677 1569.950
1   101.491 -301.074 1683.830 -482.687 -318.472 1569.950
1   95.2271 -298.905 1686.850 -492.544 -319.688 1570.140
1   94.8665 -299.399 1695.170 -499.752 -320.950 1570.940
1   91.6711 -301.837 1701.100 -505.000 -321.656 1572.250
1   86.4312 -303.470 1699.180 -509.688 -322.330 1573.610
1   80.1683 -299.196 1701.170 -514.069 -322.627 1574.320
1   77.118 -297.327 1709.160 -518.401 -322.810 1575.780
1   71.7735 -293.928 1708.410 -524.123 -321.751 1581.790
1   70.0546 -294.876 1710.040 -527.947 -323.222 1584.180
1   67.1853 -295.204 1713.330 -530.010 -323.217 1588.960
1   67.0293 -296.692 1717.530 -530.928 -325.135 1592.020
1   65.5604 -297.780 1719.430 -529.171 -325.660 1594.380
1   61.1905 -298.106 1721.450 -526.278 -327.041 1597.000
1   58.0609 -297.362 1727.240 -527.826 -325.522 1603.840
1   55.1082 -303.265 1726.520 -527.740 -328.638 1606.670
1   55.8058 -311.625 1723.400 -527.313 -326.258 1609.510
1   60.2246 -337.078 1719.020 -528.694 -329.790 1614.860
1   58.5148 -336.917 1717.340 -529.149 -329.662 1620.840
1   55.021 -332.073 1716.950 -532.086 -330.941 1625.390
1   53.4571 -328.641 1725.730 -534.167 -331.535 1628.090
1   48.0808 -331.810 1723.190 -534.532 -332.325 1633.100
1   46.2716 -334.814 1719.560 -536.820 -332.959 1636.110
1   45.2383 -339.430 1724.290 -540.063 -332.337 1641.350
1   42.9386 -341.682 1727.440 -540.268 -333.725 1642.390
1   36.928 -344.151 1728.060 -542.292 -335.550 1645.410
1   31.6331 -344.133 1724.230 -546.466 -335.035 1648.040
1   25.4507 -347.026 1729.870 -548.625 -337.550 1649.270
1   20.4636 -348.645 1731.020 -550.480 -338.863 1651.060
1   9.2392 -343.640 1729.930 -556.096 -337.214 1651.800
1   0.482174 -340.547 1730.290 -560.505 -338.015 1651.200
1   -7.176010 -338.207 1733.970 -563.209 -337.632 1651.430
1   -13.8986 -337.543 1736.750 -573.034 -337.749 1653.230
1   -15.3026 -337.063 1737.590 -583.081 -337.691 1654.680
1   -22.972 -336.740 1740.690 -588.487 -339.637 1653.650
1   -35.9047 -334.350 1738.770 -598.498 -341.012 1654.840
1   -41.8972 -340.391 1741.540 -607.464 -341.941 1653.850
1   -48.6702 -339.286 1744.350 -616.617 -340.976 1650.740
1   -56.4829 -339.493 1746.920 -622.520 -339.656 1646.140
1   -65.542 -338.529 1746.310 -629.879 -340.567 1647.430
1   -71.2746 -340.639 1749.670 -636.806 -340.759 1649.480
1   -75.5553 -338.574 1751.830 -644.131 -340.710 1648.490
1   -78.006 -340.995 1757.250 -649.909 -340.583 1647.570
1   -80.3249 -349.118 1761.960 -653.878 -340.444 1648.490
1   -86.7883 -344.207 1764.480 -658.567 -341.550 1652.040
1   -95.5425 -339.322 1760.400 -664.625 -340.513 1651.250
1   -91.2251 -346.288 1767.440 -666.362 -341.166 1653.710
1   -95.0325 -342.832 1762.480 -670.318 -342.419 1654.410
1   -95.6018 -339.189 1763.120 -669.704 -344.171 1655.510
1   -98.7531 -338.064 1763.070 -670.198 -349.500 1655.660
1   -97.6471 -339.757 1764.370 -670.069 -351.156 1657.160
1   -99.8981 -340.648 1768.350 -670.477 -352.009 1659.570
1   -101.092 -341.723 1768.770 -668.847 -350.214 1654.580
1   -98.3504 -343.353 1771.490 -663.736 -347.825 1655.710
1   -95.2561 -347.291 1775.100 -659.806 -349.887 1659.400
1   -95.272 -352.552 1777.630 -657.363 -347.875 1660.740
1   -95.432 -356.830 1776.220 -654.660 -349.193 1666.160
1   -91.7313 -357.307 1777.990 -653.884 -350.687 1667.340
1   -93.0496 -356.656 1776.970 -651.517 -352.421 1673.600
1   -88.7433 -360.851 1778.740 -648.043 -352.615 1679.500
1   -83.8594 -362.344 1783.470 -649.000 -351.512 1683.110
1   -89.6356 -358.475 1780.500 -645.658 -352.554 1694.300
1   -86.8568 -356.332 1780.170 -645.254 -351.191 1697.100
1   -86.0697 -358.985 1782.400 -643.801 -349.609 1700.780
1   -85.6555 -359.494 1782.680 -644.580 -350.625 1706.830
1   -85.717 -360.190 1787.310 -641.618 -353.413 1711.110
1   -83.5628 -359.397 1789.810 -639.745 -353.849 1716.390
1   -87.1415 -360.096 1793.430 -640.839 -355.326 1721.330
1   -85.4189 -363.291 1796.930 -643.308 -358.002 1724.630
1   -86.3508 -368.053 1808.370 -644.232 -359.708 1730.890
1   -84.4792 -373.649 1815.170 -644.529 -360.384 1734.260
1   -86.3266 -377.528 1815.250 -644.749 -362.188 1737.320
1   -92.0091 -374.445 1818.830 -642.690 -364.121 1739.640
1   -93.1293 -371.006 1832.700 -645.635 -372.611 1744.100
1   -99.564 -367.320 1828.380 -644.581 -376.992 1743.470
1   -102.409 -365.164 1832.350 -645.654 -381.160 1745.570
1   -100.133 -369.394 1842.580 -646.296 -383.310 1748.480
1   -99.6875 -373.846 1849.060 -648.030 -385.653 1751.100
1   -99.9918 -376.769 1852.630 -651.799 -387.803 1756.310
1   -101.940 -372.571 1862.000 -652.408 -388.903 1758.400
1   -102.287 -369.490 1867.670 -652.142 -389.221 1765.610
1   -100.810 -366.929 1874.640 -653.860 -390.384 1773.720
1   -105.115 -362.474 1880.130 -656.916 -391.375 1778.150
1   -105.505 -359.697 1886.460 -658.490 -392.483 1784.290
1   -104.491 -360.061 1894.370 -660.487 -393.504 1792.110
1   -100.287 -364.553 1903.780 -661.583 -394.014 1796.680
1   -96.6617 -370.997 1906.720 -659.463 -397.452 1800.380
1   -100.223 -374.316 1909.270 -657.951 -396.485 1806.460
1   -99.6732 -376.874 1912.270 -657.782 -398.299 1809.040
1   -97.1863 -379.337 1916.640 -656.462 -398.649 1814.700
1   -97.2654 -386.219 1919.280 -657.596 -398.724 1818.520
1   -97.1693 -389.563 1924.530 -653.997 -401.511 1822.570
1   -92.446 -389.749 1935.190 -649.970 -402.565 1824.300
1   -99.3095 -388.015 1932.450 -647.943 -402.916 1829.790
1   -96.0902 -387.715 1939.280 -646.688 -403.969 1830.750
1   -93.1077 -389.769 1947.740 -645.393 -402.700 1838.150
1   -94.2652 -390.977 1949.670 -639.151 -400.246 1846.150
1   -93.9107 -394.075 1946.630 -640.344 -398.736 1855.460
1   -88.4751 -397.594 1950.310 -631.935 -399.792 1856.300
1   -88.8537 -398.612 1952.000 -631.420 -399.520 1863.590
1   -86.0022 -400.000 1955.160 -634.322 -403.887 1876.140
1   -82.7061 -401.260 1961.230 -626.139 -407.157 1878.710
1   -77.8875 -403.870 1969.060 -622.442 -415.943 1882.720
1   -77.2979 -406.388 1974.040 -620.817 -417.588 1888.640
1   -74.8012 -412.264 1980.770 -617.944 -418.864 1898.030
1   -73.9055 -412.379 1983.450 -616.544 -421.510 1901.730
1   -77.1953 -407.515 1988.800 -618.331 -421.688 1906.360
1   -75.7616 -407.707 1992.550 -617.152 -425.480 1912.230
1   -78.8801 -407.615 1994.680 -617.255 -428.318 1914.550
1   -79.7554 -408.055 1999.800 -618.978 -431.350 1916.790
1   -81.9741 -406.063 2000.620 -619.548 -433.416 1916.250
1   -83.0568 -408.971 2006.610 -621.964 -434.047 1915.850
1   -85.246 -408.150 2011.840 -622.800 -429.631 1917.400
1   -82.8937 -411.406 2014.980 -626.709 -428.346 1922.630
1   -86.1253 -410.161 2021.520 -627.560 -426.268 1926.020
1   -88.6341 -410.116 2029.880 -626.676 -427.924 1930.450
1   -91.1148 -413.766 2041.450 -628.757 -429.647 1933.120
1   -90.3049 -415.436 2044.220 -630.638 -433.555 1936.740
1   -87.7388 -422.696 2054.180 -631.957 -434.784 1942.300
1   -85.2569 -425.386 2059.670 -632.457 -435.466 1945.760
1   -83.8465 -425.069 2064.090 -632.985 -438.118 1947.980
1   -82.9028 -422.244 2071.360 -634.732 -440.261 1955.550
1   -80.7262 -419.019 2082.050 -634.606 -442.546 1960.240
1   -78.9933 -418.700 2084.220 -629.288 -442.728 1964.890
1   -79.1023 -419.036 2086.900 -625.302 -444.263 1969.800
1   -72.5033 -421.608 2089.810 -620.189 -442.182 1972.200
1   -67.0418 -427.226 2092.200 -619.651 -443.458 1980.590
1   -65.1264 -426.210 2091.700 -617.593 -446.787 1985.170
1   -62.7267 -424.875 2089.470 -615.269 -446.968 1987.400
1   -57.1948 -425.715 2092.920 -612.407 -448.954 1989.400
1   -51.3361 -427.454 2092.470 -609.385 -450.539 1992.690
1   -46.5177 -425.344 2097.180 -602.773 -450.264 1994.790
1   -43.3044 -426.150 2092.280 -596.854 -450.158 1996.740
1   -35.9294 -427.831 2090.920 -593.013 -448.172 1995.810
1   -24.0878 -429.407 2092.800 -584.550 -452.277 2004.990
1   -19.5678 -428.068 2090.820 -575.681 -452.816 2006.010
1   -10.4788 -428.425 2086.430 -569.314 -452.864 2012.230
1   -2.078040 -428.312 2089.660 -561.088 -453.175 2014.820
1   5.532550 -428.419 2082.410 -550.983 -454.618 2018.880
1   15.6257 -428.687 2084.650 -540.483 -454.853 2027.230
1   18.4374 -428.091 2086.870 -532.357 -458.723 2037.290
1   26.5597 -428.215 2092.190 -523.124 -461.779 2045.980
1   33.6716 -429.045 2089.930 -513.753 -463.049 2050.340
1   36.5893 -428.983 2084.510 -506.497 -464.949 2061.830
1   44.2758 -431.701 2091.660 -497.814 -464.651 2067.160
1   51.7835 -433.585 2093.270 -488.533 -464.649 2068.730
1   58.0348 -436.397 2097.650 -482.756 -465.527 2073.410
1   62.3427 -440.959 2097.540 -476.164 -469.446 2079.320
1   63.8661 -444.431 2098.470 -473.017 -469.968 2075.380
1   68.2262 -445.689 2100.080 -468.539 -470.861 2079.280
1   78.5857 -445.387 2101.170 -464.435 -473.587 2085.220
1   79.2327 -445.719 2108.870 -463.135 -480.805 2085.290
1   84.0431 -441.036 2112.030 -459.188 -488.575 2088.510
1   87.9904 -440.647 2117.900 -454.804 -498.112 2087.460
1   90.120 -437.886 2113.810 -452.363 -503.513 2086.500
1   93.3757 -438.480 2120.160 -446.437 -505.121 2087.050
1   99.0555 -440.415 2125.960 -445.329 -505.625 2085.720
1   101.393 -439.531 2130.430 -445.899 -506.356 2089.100
1   106.326 -436.004 2141.850 -439.073 -511.301 2086.850
1   106.321 -433.105 2151.150 -436.540 -511.858 2095.150
1   109.185 -433.025 2150.900 -431.670 -512.166 2093.860
1   114.311 -440.965 2153.870 -426.459 -516.249 2102.920
1   116.481 -441.767 2158.200 -427.350 -514.986 2106.350
1   117.840 -438.505 2166.160 -421.548 -518.652 2108.250
1   128.112 -434.981 2175.040 -413.024 -522.730 2115.640
1   129.632 -431.298 2172.550 -411.268 -525.243 2122.430
1   137.916 -436.721 2180.090 -396.521 -518.890 2108.970
1   140.440 -440.500 2186.310 -389.841 -520.023 2111.000
1   146.630 -444.248 2192.070 -384.651 -518.582 2111.560
1   152.406 -446.779 2194.380 -378.739 -519.565 2110.870
1   161.207 -452.578 2198.330 -374.699 -516.088 2112.560
1   166.331 -454.528 2199.270 -372.586 -509.896 2107.360
1   173.407 -452.671 2202.150 -365.210 -512.454 2100.180
1   180.650 -454.528 2206.670 -367.496 -509.788 2115.190
1   184.422 -455.985 2203.310 -350.939 -500.157 2109.780
1   258.160 -475.152 2210.320 -260.465 -489.355 2126.020
1   263.186 -473.532 2215.630 -258.430 -487.721 2113.900
1   264.512 -469.808 2210.610 -253.115 -484.287 2109.560
1   273.653 -470.610 2207.780 -246.828 -486.730 2118.600
1   276.954 -470.979 2212.860 -244.464 -487.357 2128.030
1   283.217 -466.190 2210.660 -238.102 -487.936 2132.030
1   292.507 -472.451 2215.600 -234.873 -493.466 2127.410
1   295.214 -471.973 2214.940 -232.965 -495.171 2124.930
1   302.400 -459.914 2228.630 -231.541 -496.209 2120.760
1   307.646 -453.241 2240.760 -228.927 -494.251 2119.780
1   311.134 -453.091 2241.850 -226.881 -496.322 2123.200
1   313.187 -445.977 2241.550 -216.760 -497.678 2126.060
1   325.117 -450.708 2245.950 -215.734 -497.083 2124.060
1   328.204 -453.972 2238.760 -214.804 -495.482 2123.680
1   339.775 -461.860 2237.240 -205.901 -490.008 2129.410
1   348.752 -460.888 2251.220 -199.079 -494.949 2123.820
1   361.851 -458.760 2256.270 -190.535 -493.931 2123.070
1   361.861 -456.054 2251.820 -186.947 -489.293 2127.160
1   374.973 -466.740 2251.400 -173.281 -488.536 2126.280
1   388.375 -478.796 2248.830 -167.283 -492.456 2126.110
1   393.800 -471.816 2237.730 -159.787 -491.235 2131.340
1   404.155 -472.896 2241.510 -147.849 -490.223 2133.300
1   416.176 -470.792 2248.810 -133.909 -486.086 2139.820
1   425.227 -466.281 2254.270 -118.655 -483.961 2141.070
1   433.687 -462.926 2249.930 -108.063 -482.845 2141.940
1   445.292 -477.793 2242.320 -93.086 -482.787 2137.110
1   456.264 -479.064 2247.410 -83.7413 -482.946 2145.930
1   461.970 -476.138 2242.120 -69.675 -482.145 2150.630
1   472.234 -473.455 2239.890 -58.639 -485.558 2152.710
1   475.463 -468.532 2242.850 -50.5913 -487.336 2160.110
1   483.642 -471.188 2245.620 -41.8957 -485.243 2165.070
1   484.055 -468.773 2232.570 -37.307 -484.410 2162.250
1   488.032 -470.862 2234.550 -25.8298 -487.389 2167.130
1   496.334 -471.907 2236.940 -20.0997 -493.918 2170.710
1   496.168 -469.748 2234.390 -12.0259 -497.158 2170.030
1   498.136 -473.345 2228.110 -8.869220 -493.147 2168.510
1   499.179 -471.379 2224.310 -9.253530 -491.779 2168.300
1   506.216 -473.130 2234.500 -8.4796 -494.954 2171.840
1   509.434 -469.687 2231.710 -1.220490 -498.076 2170.280
1   512.991 -471.766 2240.860 1.692 -502.660 2166.610
1   511.139 -470.079 2235.780 5.049550 -505.637 2168.800
1   514.175 -470.453 2237.150 7.191060 -510.469 2166.450
1   516.476 -459.400 2247.040 10.0731 -511.693 2166.730
1   517.122 -454.619 2255.380 16.5926 -503.057 2167.100
1   515.746 -451.965 2247.380 15.3223 -500.741 2165.760
1   520.307 -448.214 2257.870 22.3337 -503.563 2169.760
1   520.397 -442.953 2260.180 26.9881 -502.393 2167.940
1   518.992 -441.901 2259.500 24.4059 -501.162 2171.960
1   524.010 -438.271 2264.170 32.1709 -503.334 2167.320
1   523.520 -432.073 2264.430 38.6965 -505.113 2169.070
1   527.448 -431.984 2262.950 37.8994 -503.680 2170.770
1   534.268 -429.100 2276.880 41.6488 -503.151 2176.480
1   540.906 -424.313 2283.110 47.7963 -507.916 2175.530
1   549.121 -443.339 2271.310 48.8214 -509.841 2169.340
1   565.144 -464.402 2273.420 55.2754 -510.577 2175.280
1   562.148 -464.875 2259.490 56.8882 -509.873 2174.360
1   568.792 -461.328 2274.180 64.4118 -507.548 2178.360
1   577.241 -458.241 2281.290 66.9822 -515.493 2182.620
1   582.668 -454.809 2285.760 70.3992 -515.020 2195.400
1   588.669 -457.423 2275.090 79.9611 -516.166 2196.020
1   594.869 -462.633 2273.870 86.8536 -518.986 2196.920
1   603.655 -467.253 2276.440 87.1504 -519.406 2203.040
1   604.481 -460.507 2239.590 127.791 -492.937 2197.340
1   607.846 -462.983 2236.940 116.067 -503.737 2211.520
1   606.315 -474.932 2230.910 112.090 -515.230 2220.640
1   608.948 -486.045 2245.320 117.510 -514.470 2214.320
1   613.509 -487.325 2250.500 117.867 -514.784 2215.950
1   613.998 -483.008 2251.890 118.273 -517.563 2219.320
1   613.695 -479.795 2241.580 123.703 -507.913 2208.200
1   615.187 -480.272 2238.050 128.506 -507.532 2209.290
1   623.442 -486.373 2240.580 133.117 -509.348 2207.430
1   629.220 -489.298 2231.160 136.645 -499.751 2202.550
1   637.726 -480.381 2227.790 145.428 -491.489 2204.880
1   -495.085 -557.527 2463.890 -946.901 -544.293 2375.280
1   -497.952 -560.317 2457.910 -944.984 -544.608 2381.400
1   -499.868 -563.799 2458.660 -945.987 -543.753 2373.270
1   -495.662 -566.935 2464.950 -942.051 -547.999 2376.290
1   -492.247 -567.360 2468.370 -941.509 -555.376 2375.670
1   -494.705 -569.904 2461.530 -941.217 -559.332 2378.010
1   -493.609 -566.857 2461.110 -938.534 -561.145 2375.910
1   -497.085 -570.952 2460.730 -936.258 -558.146 2374.030
1   -497.593 -573.117 2458.550 -942.243 -555.545 2377.890
1   -498.150 -571.932 2462.350 -945.058 -559.801 2380.730
1   -498.231 -572.684 2471.670 -942.120 -558.798 2385.040
1   -499.299 -576.677 2474.480 -940.034 -564.231 2383.240
1   -499.751 -575.042 2472.130 -942.080 -570.888 2381.380
1   -501.766 -575.280 2473.120 -946.861 -577.737 2383.810
1   -499.886 -576.524 2468.800 -943.740 -568.451 2374.420
1   -498.704 -576.960 2468.580 -947.159 -564.000 2372.400
1   -500.443 -575.859 2470.630 -945.489 -561.719 2378.090
1   -496.284 -571.515 2467.240 -948.840 -560.781 2379.020
1   -496.408 -573.740 2466.180 -949.382 -558.670 2381.700
1   -500.623 -569.899 2464.320 -944.574 -558.135 2379.480
1   -501.174 -571.213 2470.030 -945.222 -556.164 2378.030
1   -501.358 -570.305 2470.530 -951.323 -559.826 2385.930
1   -502.422 -567.614 2470.800 -945.314 -560.184 2383.780
1   -505.458 -571.039 2477.240 -947.202 -562.588 2378.630
1   -504.031 -573.520 2474.080 -947.915 -561.721 2379.090
1   -504.690 -579.551 2484.560 -947.157 -570.583 2385.440
1   -501.114 -584.844 2488.210 -944.178 -570.797 2388.340
1   -502.450 -588.371 2489.680 -946.626 -572.299 2390.900
1   -507.305 -587.778 2489.020 -952.092 -573.196 2396.790
1   -502.633 -586.844 2494.940 -954.069 -568.549 2401.970
1   -506.972 -587.001 2498.660 -956.909 -570.309 2410.020
1   -503.057 -588.270 2498.830 -957.920 -572.860 2406.800
1   -501.232 -588.649 2496.140 -960.019 -576.007 2409.090
1   -502.289 -588.764 2492.280 -962.229 -576.862 2413.060
1   -503.509 -587.591 2492.880 -965.046 -576.324 2408.570
1   -499.759 -587.646 2494.990 -966.386 -572.728 2406.570
1   -500.637 -586.994 2489.770 -966.081 -571.542 2404.720
1   -498.860 -590.600 2493.700 -966.082 -572.805 2408.340
1   -496.127 -590.252 2490.160 -963.966 -572.456 2407.260
1   -500.502 -590.904 2497.640 -964.402 -570.611 2404.280
1   -497.328 -585.782 2495.250 -960.940 -568.695 2401.250
1   -496.151 -586.677 2490.830 -958.855 -564.875 2403.960
1   -495.008 -580.230 2484.530 -955.934 -558.363 2392.180
1   -491.759 -574.756 2476.330 -949.810 -561.946 2393.970
1   -492.831 -570.730 2470.810 -949.979 -558.455 2385.240
1   -494.730 -567.386 2470.130 -950.086 -564.129 2390.060
1   -488.549 -569.925 2465.790 -947.909 -564.080 2386.150
1   -492.269 -562.841 2460.960 -948.261 -564.631 2384.850
1   -488.916 -563.928 2463.010 -947.734 -567.539 2392.330
1   -490.482 -565.760 2461.460 -946.587 -564.628 2387.630
1   -487.205 -566.358 2469.280 -945.502 -565.781 2394.410
1   -486.815 -565.363 2467.390 -945.369 -563.317 2401.060
1   -484.969 -563.727 2469.900 -943.590 -559.899 2400.240
1   -487.733 -569.637 2456.590 -934.083 -559.936 2395.990
1   -487.972 -573.774 2455.690 -934.003 -572.288 2392.450
1   -489.314 -573.276 2459.510 -936.784 -570.534 2391.940
1   -485.235 -570.302 2467.550 -931.991 -569.557 2389.720
1   -481.499 -570.560 2478.090 -932.526 -568.288 2404.970
1   -481.267 -569.210 2479.610 -930.545 -577.385 2401.830
1   -479.670 -570.209 2480.990 -930.766 -576.344 2410.250
1   -476.908 -571.348 2473.800 -926.227 -572.423 2411.170
1   -478.197 -571.572 2473.960 -921.851 -575.118 2408.200
1   -476.175 -570.365 2482.460 -928.386 -573.583 2410.770
1   -479.646 -572.182 2482.190 -924.125 -575.967 2411.450
1   -478.682 -571.300 2478.280 -918.038 -580.541 2410.540
1   -477.237 -570.085 2474.040 -916.042 -580.442 2411.660
1   -475.827 -568.987 2475.980 -919.344 -578.829 2415.220
1   -474.557 -567.095 2475.010 -917.044 -575.132 2411.490
1   -473.117 -569.193 2467.230 -914.771 -577.338 2414.790
1   -474.652 -571.220 2465.860 -915.595 -572.718 2415.650
1   -473.004 -574.398 2474.840 -914.270 -575.283 2413.830
1   -472.312 -573.656 2468.120 -913.908 -578.146 2417.070
1   -473.662 -569.601 2466.780 -914.439 -574.653 2416.860
1   -473.586 -569.868 2471.170 -912.816 -572.764 2413.000
1   -471.540 -571.796 2470.420 -918.354 -573.164 2410.240
1   -473.662 -570.095 2470.520 -922.091 -569.528 2412.630
1   -472.693 -571.566 2464.130 -920.703 -568.934 2409.140
1   -472.163 -567.185 2467.900 -916.706 -571.979 2393.920
1   -474.087 -570.964 2465.140 -921.572 -576.110 2401.900
1   -473.717 -571.766 2467.820 -924.550 -571.197 2396.960
1   -469.442 -570.965 2471.190 -929.052 -565.728 2397.900
1   -471.810 -568.146 2476.550 -924.350 -568.141 2395.880
1   -470.819 -567.065 2475.380 -924.208 -569.297 2396.200
1   -470.472 -567.728 2476.990 -924.958 -571.535 2396.180
1   -475.142 -567.556 2474.750 -927.496 -574.459 2396.990
1   -470.182 -574.909 2475.710 -926.935 -572.215 2396.170
1   -467.295 -577.940 2481.550 -926.704 -569.535 2398.950
1   -468.923 -576.693 2484.610 -925.356 -562.513 2403.930
1   -466.917 -575.412 2483.740 -917.688 -560.543 2406.430
1   -463.321 -573.448 2490.960 -916.948 -561.000 2405.120
1   -463.406 -576.675 2490.680 -916.604 -566.966 2404.850
1   -455.051 -572.745 2490.360 -919.045 -570.370 2412.090
1   -454.905 -572.051 2495.000 -919.631 -569.668 2405.830
1   -454.905 -563.322 2490.270 -920.789 -567.153 2399.470
1   -447.888 -567.916 2498.030 -915.107 -569.871 2400.420
1   -448.683 -561.932 2499.380 -914.458 -570.140 2401.280
1   -447.888 -557.675 2506.660 -913.504 -568.482 2400.740
1   -441.551 -561.370 2504.330 -914.313 -566.762 2402.870
1   -438.630 -554.855 2502.880 -911.434 -560.813 2391.480
1   -432.708 -548.981 2497.890 -909.101 -561.830 2391.200
1   -432.517 -546.219 2498.580 -909.357 -561.250 2381.470
1   -429.705 -544.401 2497.510 -910.841 -562.712 2381.120
1   -429.400 -541.636 2501.310 -910.580 -560.889 2379.450
1   -420.536 -540.170 2501.480 -905.268 -560.183 2375.210
1   -420.030 -538.096 2506.480 -902.658 -557.247 2376.930
1   -419.534 -533.681 2506.650 -901.745 -564.317 2386.430
1   -418.561 -530.827 2505.400 -896.994 -561.865 2376.410
1   -416.382 -524.746 2495.360 -897.976 -560.057 2376.720
1   -416.174 -521.871 2492.480 -893.583 -557.859 2376.200
1   -409.962 -534.500 2495.780 -889.675 -556.433 2370.610
1   -405.409 -545.835 2478.860 -885.046 -560.651 2370.920
1   -397.160 -536.547 2482.660 -886.051 -562.138 2375.340
1   -387.248 -542.389 2488.680 -883.259 -560.340 2375.250
1   -378.335 -544.413 2485.850 -873.316 -555.962 2365.880
1   -376.306 -547.765 2489.370 -871.002 -558.303 2373.360
1   -372.064 -551.114 2486.130 -865.714 -554.748 2368.190
1   -371.031 -553.871 2485.910 -855.661 -555.446 2368.030
1   -363.839 -555.548 2485.040 -841.038 -554.771 2359.530
1   -359.884 -555.817 2484.710 -839.697 -555.699 2373.240
1   -363.949 -559.502 2485.910 -825.111 -552.861 2365.750
1   -370.821 -566.969 2488.260 -819.581 -552.723 2371.180
1   -388.969 -578.411 2493.910 -799.793 -557.857 2370.060
1   -39.3278 -501.249 2465.300 -558.204 -540.186 2369.290
1   -36.5331 -507.720 2466.760 -553.426 -542.063 2368.190
1   -33.069 -506.470 2457.500 -552.498 -543.264 2372.230
1   -31.1232 -506.358 2459.580 -549.817 -541.162 2372.510
1   -26.3487 -512.261 2462.830 -545.886 -543.405 2376.050
1   -24.2621 -512.423 2452.940 -541.337 -545.504 2370.850
1   -15.3553 -519.761 2444.010 -530.908 -546.725 2373.250
1   -3.885430 -515.788 2449.560 -528.781 -542.598 2373.640
1   5.6786 -514.608 2449.110 -520.278 -537.759 2374.840
1   10.5145 -508.659 2446.430 -506.883 -534.307 2373.510
1   13.9353 -503.522 2438.270 -499.871 -529.731 2375.320
1   22.2731 -506.608 2439.550 -493.550 -542.381 2370.230
1   33.6202 -501.295 2431.670 -486.280 -552.684 2373.470
1   41.064 -503.914 2441.610 -474.133 -549.715 2381.260
1   48.0194 -505.932 2430.500 -465.311 -547.001 2380.740
1   58.4889 -507.422 2423.380 -460.175 -557.515 2389.130
1   68.3817 -507.880 2424.400 -450.123 -555.042 2384.830
1   74.9364 -507.323 2440.940 -443.346 -558.264 2386.090
1   70.6826 -502.349 2434.360 -433.816 -553.531 2388.740
1   83.238 -497.866 2433.230 -425.961 -557.137 2389.970
1   82.7089 -501.921 2431.200 -421.221 -553.519 2403.630
1   94.4041 -501.814 2433.330 -410.592 -553.061 2398.830
1   96.8913 -503.928 2444.350 -409.700 -551.618 2402.000
1   98.4386 -504.788 2445.050 -406.947 -549.839 2403.980
1   105.459 -507.623 2444.410 -397.807 -549.461 2403.670
1   104.196 -507.548 2445.210 -391.952 -552.484 2403.140
1   106.993 -507.958 2444.450 -392.793 -552.804 2410.900
1   107.594 -508.639 2445.680 -388.183 -551.895 2406.190
1   107.837 -510.022 2454.340 -382.779 -550.212 2407.450
1   107.591 -509.176 2461.440 -383.886 -554.473 2414.590
1   101.269 -510.357 2466.600 -385.834 -554.173 2416.960
1   99.8675 -507.529 2461.840 -383.380 -554.176 2412.260
1   108.361 -511.122 2462.030 -381.105 -551.675 2411.470
1   108.421 -512.473 2462.480 -384.269 -550.590 2403.030
1   112.648 -508.204 2467.620 -384.859 -561.716 2412.030
1   113.265 -505.304 2471.920 -388.420 -554.636 2404.990
1   117.415 -499.300 2476.770 -381.816 -563.934 2398.430
1   117.074 -499.991 2473.920 -383.326 -560.867 2400.290
1   118.332 -501.771 2475.150 -383.314 -555.468 2396.330
1   124.286 -500.828 2478.030 -380.488 -549.681 2389.520
1   127.428 -500.138 2478.070 -379.231 -554.702 2390.770
1   128.643 -502.017 2471.830 -377.017 -554.619 2386.980
1   128.261 -502.656 2473.760 -377.238 -549.091 2386.000
1   130.757 -500.657 2469.650 -374.679 -543.407 2385.740
1   140.536 -502.774 2470.310 -374.481 -539.437 2385.040
1   149.404 -515.287 2470.760 -374.161 -543.683 2387.900
1   154.406 -517.859 2469.480 -363.515 -542.974 2379.670
1   159.853 -523.240 2469.840 -360.936 -541.921 2379.770
1   162.639 -530.337 2456.230 -358.915 -537.050 2383.500
1   166.111 -527.144 2469.660 -357.903 -535.743 2380.650
1   167.013 -521.669 2466.840 -350.612 -536.365 2376.430
1   171.056 -518.984 2472.640 -346.264 -536.269 2377.970
1   179.160 -523.346 2464.240 -339.278 -535.259 2378.540
1   183.014 -531.276 2459.430 -331.414 -535.659 2374.280
1   188.476 -534.828 2467.850 -321.170 -536.030 2372.750
1   196.177 -535.785 2463.280 -313.936 -535.067 2371.840
1   200.014 -541.574 2461.710 -309.320 -534.973 2374.990
1   201.188 -532.159 2471.760 -299.854 -537.252 2370.330
1   210.022 -537.931 2468.170 -294.510 -537.235 2375.060
1   214.237 -536.862 2459.140 -290.238 -536.436 2370.490
1   223.337 -523.653 2463.260 -278.099 -539.525 2370.380
1   225.006 -523.424 2466.620 -273.121 -538.442 2369.480
1   226.202 -523.694 2470.110 -264.245 -539.062 2367.880
1   235.875 -520.664 2452.990 -257.710 -541.273 2368.030
1   251.309 -525.691 2449.170 -245.810 -536.144 2365.340
1   255.337 -522.106 2441.280 -239.759 -532.966 2373.740
1   260.205 -523.548 2445.570 -233.517 -533.560 2366.470
1   261.598 -524.438 2444.670 -230.869 -535.490 2369.350
1   270.566 -521.446 2449.010 -218.924 -531.222 2370.550
1   276.550 -521.117 2448.860 -212.534 -530.789 2380.560
1   281.285 -526.385 2450.660 -212.287 -532.113 2377.180
1   286.009 -518.569 2447.000 -201.949 -537.292 2374.140
1   291.898 -521.332 2453.050 -200.782 -534.034 2379.150
1   299.307 -523.451 2458.250 -194.806 -533.285 2380.650
1   300.002 -520.841 2453.990 -190.529 -544.111 2380.590
1   302.179 -520.205 2448.910 -187.727 -548.247 2381.440
1   304.714 -523.401 2440.000 -182.993 -548.410 2380.800
1   304.028 -524.055 2445.210 -182.850 -548.383 2377.010
1   306.500 -521.792 2446.710 -181.864 -547.977 2379.330
1   308.240 -520.309 2446.740 -181.989 -544.736 2378.570
1   312.075 -515.590 2452.860 -182.075 -544.246 2380.550
1   315.235 -511.846 2455.880 -180.840 -544.570 2379.050
1   315.989 -515.314 2450.820 -180.223 -544.318 2373.810
1   315.664 -511.103 2445.590 -179.264 -544.404 2373.390
1   317.143 -512.245 2451.650 -179.651 -544.908 2371.420
1   321.348 -507.716 2447.490 -177.944 -544.014 2367.910
1   318.892 -507.529 2436.050 -179.295 -545.773 2367.690
1   316.952 -500.386 2457.160 -179.657 -543.769 2369.560
1   315.582 -482.438 2472.210 -179.854 -542.090 2365.340
1   323.209 -484.697 2467.760 -174.728 -550.190 2368.470
1   326.830 -482.787 2466.020 -173.091 -550.619 2366.400
1   330.972 -480.826 2460.190 -168.602 -551.171 2366.450
1   330.505 -483.804 2459.700 -163.973 -549.728 2364.420
1   341.226 -498.249 2455.970 -160.771 -548.489 2361.150
1   353.165 -506.128 2447.080 -159.617 -549.122 2366.790
1   355.288 -504.515 2436.560 -152.674 -543.606 2362.530
1   356.401 -496.764 2438.460 -150.040 -538.413 2363.970
1   367.440 -501.985 2452.250 -142.117 -538.852 2360.950
1   376.195 -499.419 2440.570 -138.977 -537.662 2360.870
1   376.603 -498.239 2443.270 -130.820 -536.484 2360.470
1   382.396 -495.724 2449.000 -125.987 -535.215 2361.820
1   390.726 -490.231 2456.470 -117.801 -533.317 2362.380
1   390.588 -475.746 2458.070 -109.990 -534.182 2364.630
1   400.053 -482.469 2454.660 -102.080 -531.794 2370.020
1   412.717 -489.019 2454.570 -99.1619 -531.094 2368.860
1   420.749 -491.779 2451.590 -90.8949 -533.764 2366.130
1   425.833 -494.859 2451.450 -82.1564 -535.640 2372.300
1   432.152 -491.626 2448.110 -77.7887 -531.866 2371.510
1   439.450 -495.439 2444.350 -65.5316 -528.667 2379.310
1   453.705 -508.085 2438.620 -60.0617 -527.523 2377.780
1   458.414 -511.310 2432.870 -51.7909 -522.875 2381.280
1   465.714 -514.051 2437.670 -39.2307 -526.785 2375.660
1   475.535 -513.696 2431.110 -32.6701 -531.559 2374.920
1   476.776 -512.338 2433.910 -25.4364 -523.136 2372.360
1   477.115 -503.641 2438.170 -17.2035 -527.320 2375.120
1   484.231 -512.944 2441.530 -12.4078 -529.130 2374.890
1   484.573 -507.796 2441.330 -7.347410 -531.860 2371.890
1   487.260 -504.054 2433.290 0.313048 -531.231 2371.520
1   493.351 -507.145 2435.510 3.950740 -527.554 2379.020
1   492.926 -504.711 2436.240 10.9614 -531.022 2378.860
1   496.005 -503.193 2441.950 18.1184 -530.823 2382.080
1   499.328 -495.119 2445.430 21.1161 -529.195 2375.490
1   501.773 -485.262 2442.780 22.3341 -530.457 2378.490
1   496.689 -477.694 2442.690 23.8912 -531.381 2380.160
1   497.515 -477.466 2443.370 23.3548 -531.917 2377.070
1   502.737 -479.676 2444.160 24.599 -533.177 2378.280
1   506.752 -484.021 2451.680 25.6187 -534.673 2373.340
1   505.053 -478.039 2447.940 27.8404 -538.490 2368.070
1   505.082 -471.567 2443.240 28.7678 -534.566 2365.870
1   513.636 -474.438 2444.720 32.4927 -536.900 2368.620
1   514.873 -480.278 2443.360 32.9224 -539.078 2366.570
1   516.747 -474.265 2450.240 34.6361 -538.694 2372.730
1   518.549 -472.787 2448.470 41.8111 -544.475 2371.180
1   521.574 -477.648 2440.650 41.4037 -540.358 2370.340
1   535.423 -484.384 2443.940 49.1981 -543.333 2366.850
1   535.118 -489.344 2442.080 50.9319 -540.311 2365.150
1   537.444 -485.515 2447.310 54.3337 -538.845 2362.660
1   538.748 -475.661 2444.260 67.4086 -540.667 2363.830
1   545.293 -475.365 2447.310 66.6174 -538.651 2368.360
1   552.228 -476.418 2443.240 69.1977 -538.928 2357.610
1   552.419 -470.345 2442.880 70.8012 -533.877 2363.960
1   561.548 -477.144 2443.480 79.0459 -534.117 2371.780
1   559.359 -468.575 2449.430 86.5045 -535.288 2373.800
1   566.561 -471.366 2448.520 89.3632 -530.926 2383.540
1   578.877 -476.178 2444.670 98.4555 -533.481 2377.240
1   589.329 -481.359 2442.800 103.864 -532.343 2389.680
1   601.497 -482.260 2436.230 115.336 -535.582 2389.370
1   608.939 -482.143 2451.060 119.739 -534.795 2391.820
1   605.858 -478.203 2421.410 128.252 -534.503 2400.900
1   618.310 -480.987 2435.400 137.504 -538.021 2394.040
1   625.576 -480.246 2448.870 144.870 -539.471 2407.730
1   632.234 -472.865 2446.480 151.540 -540.882 2403.240
1   636.191 -468.943 2437.060 155.501 -543.135 2410.010
1   647.183 -475.277 2444.840 165.026 -539.906 2412.010
1   649.976 -478.406 2444.520 171.361 -540.441 2411.800
1   659.039 -480.019 2440.480 178.661 -540.296 2419.550
1   666.166 -481.340 2441.740 185.844 -542.786 2423.970
1   667.349 -483.711 2443.370 190.707 -536.778 2419.920
1   671.009 -483.116 2428.020 202.380 -541.673 2425.760
1   681.669 -490.894 2430.880 208.619 -556.934 2425.460
1   681.505 -484.063 2445.190 214.381 -547.774 2432.700
1   686.241 -477.592 2446.820 218.905 -550.629 2430.120
1   689.155 -476.520 2447.020 225.777 -547.617 2437.920
1   687.828 -474.144 2443.340 230.964 -553.763 2427.040
1   694.546 -473.969 2440.890 234.567 -566.880 2443.290
1   693.059 -473.462 2444.060 237.105 -556.735 2439.910
1   691.981 -471.903 2444.650 239.453 -550.292 2442.470
1   695.429 -475.781 2446.160 236.460 -560.344 2438.180
1   696.509 -471.812 2455.980 240.564 -562.114 2438.910
1   691.298 -463.887 2454.740 239.407 -558.901 2432.690
1   694.061 -466.230 2456.950 238.594 -561.634 2432.200
1   691.256 -462.437 2456.070 239.123 -563.082 2438.890
1   692.110 -460.943 2458.220 243.240 -557.546 2438.510
1   695.931 -465.198 2462.870 241.022 -559.100 2438.360
1   693.065 -460.518 2462.590 241.250 -561.059 2437.180
1   699.465 -460.888 2477.730 238.477 -562.781 2439.310
1   697.014 -466.999 2469.580 235.654 -563.724 2431.900
1   701.739 -473.021 2473.800 242.580 -561.904 2423.270
1   700.306 -471.793 2472.750 242.903 -562.655 2424.040
1   700.026 -472.991 2478.120 242.623 -554.614 2434.130
1   700.919 -468.356 2482.330 243.381 -552.663 2425.760
1   707.246 -469.222 2495.760 253.744 -552.102 2437.790
1   710.101 -476.830 2472.500 261.055 -554.568 2432.740
1   717.899 -476.812 2472.910 265.793 -545.896 2427.320
1   719.868 -475.849 2486.910 266.926 -544.048 2428.840
1   726.313 -468.250 2495.620 267.261 -552.956 2437.210
1   725.488 -472.766 2481.860 271.855 -553.981 2441.250
1   731.951 -478.216 2489.240 275.767 -551.359 2441.170
1   733.580 -480.209 2472.620 280.844 -540.603 2446.380
1   744.443 -483.574 2474.630 290.786 -549.036 2449.030
1   757.810 -477.242 2491.990 300.604 -549.543 2451.380
1   760.650 -478.956 2476.470 307.054 -546.988 2451.310
1   763.192 -486.390 2479.490 316.068 -555.501 2435.040
1   773.389 -484.213 2482.440 323.175 -553.556 2446.340
1   775.369 -478.341 2495.390 330.389 -545.926 2447.340
1   776.805 -489.502 2472.410 332.391 -545.701 2447.840
1   779.382 -493.093 2462.940 343.904 -545.932 2446.190
1   787.789 -488.885 2467.730 339.360 -545.745 2442.860
1   798.412 -490.385 2471.200 345.808 -541.127 2452.480
1   802.008 -485.938 2461.930 349.110 -542.921 2460.020
1   802.113 -483.585 2459.840 353.396 -545.935 2457.200
1   795.265 -480.354 2463.400 365.384 -544.762 2458.930
1   800.492 -476.418 2462.900 362.598 -547.753 2459.120
1   799.504 -474.149 2453.980 368.397 -551.447 2463.640
1   800.751 -474.703 2450.270 374.685 -544.289 2459.850
1   803.308 -472.425 2447.830 372.655 -551.411 2456.150
1   802.553 -467.945 2445.000 371.607 -554.683 2460.110
1   805.089 -466.908 2453.120 372.970 -554.810 2461.560
1   801.750 -466.597 2446.390 378.008 -553.735 2460.060
1   807.615 -470.796 2449.790 378.024 -554.049 2461.070
1   810.790 -471.051 2454.100 378.209 -557.533 2457.950
1   803.651 -463.969 2466.450 378.724 -560.448 2456.330
1   808.535 -468.578 2452.670 376.061 -564.817 2460.040
1   814.994 -470.273 2456.280 380.024 -570.489 2462.570
1   810.836 -475.370 2451.440 378.299 -569.845 2460.320
1   814.764 -473.902 2443.150 376.619 -564.614 2456.030
1   818.971 -477.555 2437.390 378.686 -566.859 2456.910
1   826.861 -482.332 2457.170 381.643 -565.589 2456.830
1   827.547 -478.618 2458.340 378.545 -560.908 2461.130
1   829.057 -476.222 2457.060 379.721 -554.229 2461.400
1   832.525 -478.320 2470.280 382.172 -558.483 2454.040
1   831.042 -480.791 2469.740 381.521 -555.027 2453.240
1   830.329 -480.123 2460.550 382.158 -554.044 2453.700
1   830.880 -485.729 2449.410 385.945 -548.608 2452.020
1   844.630 -491.632 2456.280 388.145 -548.137 2455.230
1   845.841 -480.656 2470.750 393.898 -547.975 2455.460
1   851.637 -478.796 2477.880 397.735 -546.928 2458.260
1   846.428 -487.302 2453.650 407.447 -545.003 2459.920
1   850.062 -486.141 2459.590 413.620 -547.058 2465.610
1   855.477 -479.983 2471.760 419.787 -542.216 2458.780
1   858.155 -478.047 2477.140 427.363 -544.276 2464.810
1   861.627 -468.134 2479.330 434.009 -548.121 2472.210
1   870.557 -463.137 2479.160 447.198 -544.000 2469.340
1   882.777 -486.686 2475.020 452.952 -541.898 2473.110
1   885.417 -486.537 2473.410 462.166 -536.823 2477.740
1   881.975 -478.012 2477.120 461.496 -533.017 2486.090
1   886.052 -482.402 2478.790 468.967 -537.915 2491.030
1   887.603 -482.179 2479.980 468.923 -544.977 2487.230
1   892.037 -484.147 2478.380 472.518 -539.899 2487.570
1   896.382 -486.399 2489.290 473.753 -536.946 2486.230
1   897.959 -485.624 2480.500 475.502 -536.448 2490.010
1   900.299 -494.508 2477.000 476.478 -539.342 2497.070
1   894.724 -487.898 2472.930 473.589 -538.657 2493.120
1   899.800 -485.048 2476.290 472.479 -545.904 2498.790
1   896.884 -480.539 2487.300 469.843 -538.355 2492.090
1   893.739 -474.254 2490.570 470.622 -539.104 2502.350
1   892.248 -470.958 2487.090 469.535 -538.800 2501.450
1   892.003 -464.205 2489.740 469.272 -549.066 2500.480
1   889.653 -464.635 2489.980 465.451 -554.314 2486.620
1   892.769 -472.488 2492.060 457.907 -551.878 2485.140
1   889.391 -489.579 2466.810 455.952 -552.389 2485.550
1   886.511 -485.683 2459.040 454.145 -554.279 2486.310
1   882.316 -478.818 2460.730 450.282 -549.325 2485.650
1   872.252 -469.520 2460.790 451.786 -546.739 2485.380
1   869.911 -469.234 2457.320 443.668 -542.992 2477.660
1   873.034 -461.926 2452.530 437.876 -545.246 2476.720
1   871.667 -465.240 2454.480 434.179 -550.791 2462.780
1   870.855 -461.529 2455.380 431.767 -549.425 2454.560
1   867.901 -458.681 2440.950 431.859 -547.749 2453.440
1   862.445 -458.289 2423.150 432.265 -543.215 2456.970
1   876.294 -467.024 2432.040 431.716 -535.900 2454.100
1   876.705 -462.863 2441.800 432.034 -529.354 2454.720
1   877.751 -452.459 2434.040 437.788 -522.786 2451.750
1   877.906 -450.034 2423.650 438.295 -517.438 2445.880
1   881.853 -452.578 2411.880 442.240 -513.687 2440.350
1   881.246 -461.542 2395.470 444.833 -508.127 2431.990
1   886.607 -460.911 2400.910 444.637 -507.410 2426.320
1   888.391 -451.661 2395.660 452.049 -503.051 2423.130
1   894.162 -460.765 2384.800 454.635 -505.005 2411.670
1   890.495 -460.809 2365.210 458.398 -508.096 2405.390
1   895.084 -449.072 2381.460 465.389 -505.409 2411.720
1   893.953 -446.795 2378.360 471.063 -507.250 2407.650
1   895.230 -445.108 2362.300 475.717 -507.500 2396.860
1   893.402 -445.795 2357.290 475.131 -505.754 2384.930
1   897.998 -453.153 2360.860 478.589 -502.452 2381.810
1   903.613 -452.286 2345.470 484.978 -500.772 2382.770
1   910.394 -451.037 2343.720 488.085 -501.243 2373.520
1   912.006 -448.840 2344.820 480.217 -496.573 2365.290
1   906.465 -441.536 2338.770 481.910 -495.710 2360.570
1   911.982 -452.912 2332.170 478.576 -490.648 2362.730
1   906.489 -445.691 2335.810 478.499 -486.686 2361.840
1   903.170 -440.017 2332.560 478.154 -483.096 2353.980
1   906.166 -435.597 2335.310 476.881 -483.200 2351.640
1   901.041 -438.423 2328.140 476.830 -486.045 2346.200
1   901.053 -440.745 2323.320 473.949 -486.372 2340.670
1   900.025 -439.851 2318.300 472.743 -489.160 2335.800
1   897.171 -436.356 2309.840 466.761 -489.005 2326.780
1   895.354 -438.082 2308.410 468.992 -489.238 2330.430
1   888.115 -435.266 2304.400 458.951 -479.019 2325.510
1   880.358 -426.497 2284.290 460.182 -481.352 2325.220
1   869.753 -431.664 2280.790 460.255 -488.666 2326.410
1   868.390 -429.159 2284.410 463.685 -496.978 2318.900
1   863.006 -421.883 2285.200 449.385 -495.622 2303.050
1   863.672 -424.158 2274.700 439.318 -486.788 2295.220
1   855.759 -428.039 2265.660 432.068 -480.185 2287.300
1   852.893 -426.789 2264.230 427.847 -477.321 2281.830
1   845.156 -424.886 2267.320 416.642 -470.565 2275.660
1   842.008 -416.998 2272.590 410.952 -473.434 2276.220
1   838.894 -423.740 2262.740 410.975 -470.491 2269.390
1   836.928 -426.087 2254.440 404.483 -470.425 2261.200
1   832.692 -429.863 2253.710 399.994 -470.469 2258.470
1   828.172 -422.039 2260.040 393.292 -470.457 2260.240
1   819.966 -416.932 2246.080 392.728 -470.183 2258.310
1   816.486 -416.764 2248.330 388.390 -471.654 2257.020
1   818.217 -416.767 2251.830 377.510 -464.477 2248.540
1   818.020 -416.837 2250.390 371.440 -459.497 2246.450
1   811.960 -413.675 2250.240 367.412 -456.192 2244.180
1   812.187 -409.856 2244.470 360.394 -453.278 2240.000
1   807.700 -407.156 2242.660 358.196 -460.549 2229.800
1   808.214 -407.435 2240.750 357.194 -461.363 2223.630
1   803.667 -407.284 2235.100 357.123 -455.543 2227.520
1   808.645 -408.974 2237.460 354.939 -447.546 2227.030
1   807.996 -408.688 2238.230 353.551 -450.736 2219.030
1   807.356 -405.249 2233.270 355.215 -455.387 2217.140
1   805.264 -399.840 2222.820 353.959 -451.809 2212.450
1   803.726 -401.766 2213.830 352.024 -449.458 2207.000
1   801.881 -401.812 2206.780 352.029 -448.809 2201.580
1   801.631 -402.342 2201.850 353.675 -449.575 2194.510
1   798.543 -403.928 2196.980 350.174 -448.480 2194.130
1   791.069 -408.419 2193.570 352.510 -450.077 2185.820
1   788.429 -410.549 2183.300 349.021 -445.173 2185.410
1   791.999 -417.058 2178.340 348.674 -443.941 2187.000
1   788.558 -419.133 2173.340 337.079 -440.894 2176.650
1   774.287 -414.453 2165.770 332.275 -440.952 2174.490
1   772.061 -410.675 2174.910 329.274 -442.209 2169.150
1   772.937 -400.679 2183.250 323.043 -446.209 2167.220
1   773.237 -402.482 2180.530 319.843 -449.465 2167.920
1   759.506 -404.682 2180.960 315.407 -447.828 2165.950
1   755.108 -401.010 2170.170 309.611 -446.225 2156.480
1   749.220 -407.971 2166.580 298.188 -447.704 2151.140
1   741.034 -398.921 2168.860 294.521 -444.629 2147.680
1   732.931 -397.403 2166.950 284.969 -444.849 2143.210
1   729.039 -396.394 2158.320 278.605 -445.039 2144.510
1   719.708 -401.968 2150.140 273.410 -446.444 2139.890
1   717.167 -409.600 2154.490 265.125 -443.774 2143.380
1   711.098 -407.099 2153.440 254.204 -446.183 2130.700
1   699.254 -400.553 2155.650 245.679 -449.351 2124.220
1   690.116 -399.006 2151.110 236.810 -448.372 2124.260
1   680.438 -401.541 2147.600 231.417 -449.821 2127.010
1   677.271 -401.438 2148.780 223.090 -447.534 2126.940
1   667.591 -398.321 2150.570 214.659 -441.989 2114.290
1   660.680 -393.155 2152.920 207.476 -440.656 2117.570
1   652.367 -387.034 2147.180 204.094 -442.988 2117.120
1   647.433 -385.163 2146.000 195.971 -440.728 2116.970
1   643.205 -383.610 2147.190 185.080 -438.465 2110.310
1   634.252 -382.872 2140.520 182.926 -437.728 2105.120
1   636.793 -393.944 2133.140 179.443 -437.070 2100.890
1   628.627 -395.461 2124.470 173.870 -434.900 2097.570
1   625.866 -390.643 2133.160 169.157 -433.222 2098.070
1   631.611 -381.162 2141.240 166.977 -427.878 2092.910
1   628.130 -382.165 2135.750 167.112 -427.144 2090.780
1   627.839 -381.624 2127.830 168.182 -428.038 2087.950
1   633.559 -383.976 2121.860 168.825 -427.335 2084.820
1   632.626 -386.426 2116.290 168.520 -426.885 2078.720
1   632.335 -384.737 2114.240 174.257 -425.789 2074.940
1   635.629 -381.058 2108.930 172.942 -424.172 2069.800
1   635.771 -381.290 2104.140 174.968 -422.970 2063.590
1   642.167 -386.488 2098.070 173.549 -420.257 2058.570
1   641.064 -379.497 2099.950 178.711 -418.935 2049.050
1   642.648 -377.060 2087.110 181.926 -419.694 2041.710
1   443.824 -296.872 1599.500 4.171540 -318.117 1545.210
1   448.435 -304.548 1598.390 4.8485 -318.073 1545.590
1   447.245 -306.687 1597.000 6.306750 -315.639 1546.360
1   449.158 -306.328 1597.380 6.835040 -313.516 1547.410
1   448.846 -302.281 1600.870 6.295390 -311.654 1548.200
1   448.387 -297.973 1600.980 6.560410 -312.070 1546.860
1   448.018 -294.246 1602.860 7.224390 -312.522 1544.510
1   450.667 -295.657 1603.390 8.057 -309.153 1543.780
1   450.022 -295.571 1602.240 16.8246 -320.191 1550.600
1   452.136 -288.256 1606.820 12.9309 -313.975 1547.910
1   448.609 -287.815 1604.240 17.5491 -319.124 1554.460
1   453.887 -291.552 1601.170 22.5063 -321.039 1555.310
1   454.741 -290.678 1602.170 22.1575 -322.208 1553.710
1   455.569 -293.192 1602.010 21.9503 -323.966 1551.690
1   452.490 -292.185 1601.080 22.4774 -324.673 1552.800
1   452.844 -292.518 1601.130 22.047 -322.985 1555.200
1   453.985 -294.605 1597.940 23.089 -320.428 1555.540
1   456.765 -300.034 1599.220 24.2488 -316.891 1552.390
1   456.519 -301.320 1599.420 24.1322 -317.777 1551.000
1   460.322 -299.821 1592.070 24.4603 -318.556 1550.750
1   460.866 -298.730 1591.980 24.2493 -318.995 1551.330
1   461.784 -295.479 1593.400 24.4189 -320.134 1551.580
1   461.536 -292.512 1591.720 26.374 -321.688 1551.550
1   464.170 -292.519 1591.540 28.9355 -323.410 1548.520
1   463.993 -290.068 1589.750 27.8825 -323.697 1541.070
1   465.725 -290.266 1585.510 26.9448 -324.554 1537.750
1   466.987 -289.659 1580.620 32.7222 -322.006 1535.880
1   468.611 -289.811 1577.530 -1.653120 -288.002 1535.850
1   467.242 -286.048 1574.900 -3.051270 -297.757 1527.150
1   464.823 -284.556 1571.580 11.7401 -313.212 1529.780
1   97.3105 -303.310 1628.360 -435.014 -288.516 1545.550
1   94.5172 -300.968 1630.860 -440.881 -294.524 1547.050
1   89.3806 -301.422 1633.510 -446.020 -299.298 1546.790
1   84.6064 -300.089 1633.940 -448.350 -300.266 1541.130
1   85.1275 -302.396 1637.720 -450.313 -299.152 1541.240
1   80.8395 -305.038 1637.960 -454.277 -297.418 1541.020
1   76.0796 -310.933 1636.140 -453.889 -298.329 1543.080
1   77.0365 -317.302 1637.990 -453.201 -299.486 1543.740
1   73.6701 -315.455 1638.050 -453.646 -296.702 1548.890
1   71.8244 -311.431 1639.060 -453.296 -296.943 1551.020
1   69.4212 -315.159 1637.940 -453.194 -299.153 1560.590
1   70.0926 -322.198 1640.420 -454.207 -299.883 1567.230
1   66.9493 -328.171 1639.290 -455.132 -301.687 1572.590
1   63.0414 -330.995 1641.040 -455.464 -302.044 1577.420
1   61.4122 -330.968 1644.930 -457.197 -303.713 1582.940
1   59.2976 -329.932 1648.050 -460.228 -304.974 1589.090
1   52.9312 -329.710 1650.870 -463.733 -306.286 1596.180
1   51.3812 -332.452 1658.000 -465.836 -307.274 1599.600
1   51.3112 -339.147 1664.060 -467.870 -306.035 1604.360
1   48.057 -345.446 1666.210 -468.401 -306.774 1607.740
1   44.7962 -346.735 1670.820 -471.431 -305.587 1610.390
1   44.4315 -346.535 1672.630 -474.291 -307.471 1612.400
1   40.6788 -349.173 1676.140 -475.052 -308.244 1617.360
1   36.1563 -353.037 1681.630 -478.405 -307.283 1619.400
1   30.0746 -356.336 1680.400 -480.497 -309.728 1624.150
1   28.0798 -356.420 1686.720 -481.753 -311.715 1625.640
1   22.0347 -367.742 1690.480 -479.458 -314.289 1627.030
1   18.6079 -367.275 1692.550 -479.689 -322.194 1631.490
1   12.3995 -364.727 1694.330 -481.570 -323.966 1635.620
1   8.026640 -364.767 1693.610 -481.823 -324.665 1638.520
1   7.121620 -370.000 1703.430 -483.950 -327.524 1643.470
1   0.464326 -372.236 1706.210 -483.306 -331.797 1651.890
1   -6.216710 -373.872 1708.230 -486.328 -342.269 1658.610
1   -11.3473 -377.782 1707.540 -487.411 -349.340 1663.110
1   -16.2816 -381.377 1717.160 -489.210 -352.740 1665.750
1   -16.9799 -373.502 1725.340 -492.489 -354.469 1669.630
1   -23.546 -375.318 1723.190 -492.643 -357.817 1667.320
1   -21.9703 -380.922 1726.550 -496.176 -363.033 1672.190
1   -29.7419 -380.384 1732.850 -501.094 -366.620 1677.310
1   -29.9182 -382.010 1739.890 -504.407 -367.279 1677.970
1   -30.8065 -382.746 1741.560 -507.474 -367.910 1681.850
1   -30.165 -385.571 1745.630 -510.754 -370.002 1685.260
1   -32.9541 -386.299 1744.580 -515.951 -370.481 1686.050
1   -30.979 -386.108 1747.110 -518.339 -371.757 1686.740
1   -35.1728 -381.432 1748.790 -520.073 -372.075 1688.100
1   -36.3633 -382.485 1754.030 -522.013 -373.827 1687.270
1   -35.4351 -384.220 1760.980 -528.662 -375.969 1692.140
1   -36.0369 -384.361 1760.320 -536.158 -374.086 1695.800
1   -43.8291 -385.431 1764.990 -544.035 -370.006 1702.110
1   -43.4069 -389.442 1773.720 -547.477 -367.555 1703.550
1   -43.217 -388.537 1772.580 -556.111 -365.767 1704.580
1   -44.596 -384.285 1773.470 -560.538 -368.444 1705.740
1   -47.6141 -388.393 1781.590 -563.950 -373.557 1713.350
1   -48.3389 -393.062 1790.130 -568.143 -376.781 1714.870
1   -43.1406 -389.787 1788.380 -570.650 -375.479 1713.350
1   -53.3209 -395.735 1793.350 -574.071 -377.967 1718.380
1   -57.7457 -400.787 1792.970 -572.975 -376.304 1719.480
1   -57.9488 -400.018 1796.840 -576.571 -376.123 1724.830
1   -63.0451 -399.851 1798.660 -572.414 -378.223 1728.560
1   -62.823 -399.991 1802.800 -570.310 -376.435 1734.220
1   -63.1852 -400.082 1802.330 -570.784 -373.674 1742.030
1   -64.180 -402.079 1798.970 -570.338 -373.717 1747.910
1   -69.3131 -402.166 1809.860 -566.904 -375.534 1752.080
1   -70.8975 -403.072 1811.540 -566.655 -376.967 1762.810
1   -62.8601 -405.938 1816.630 -565.143 -379.412 1777.840
1   -65.726 -407.396 1821.220 -560.492 -381.076 1782.820
1   -69.0022 -407.477 1827.210 -561.740 -380.861 1792.550
1   -69.2341 -409.827 1832.850 -563.838 -384.153 1798.590
1   -69.9995 -413.216 1838.960 -560.032 -383.303 1804.390
1   -68.9276 -417.170 1846.580 -562.014 -386.579 1811.860
1   -77.8826 -413.773 1851.610 -561.836 -388.755 1814.890
1   -77.6117 -416.445 1857.110 -561.198 -389.670 1819.960
1   -75.4892 -420.785 1866.360 -559.759 -388.672 1820.530
1   -77.5803 -420.925 1873.380 -566.911 -389.886 1828.820
1   -80.6329 -420.322 1877.880 -567.719 -394.075 1828.550
1   -84.5545 -423.247 1880.160 -569.019 -397.587 1830.310
1   -89.990 -421.529 1882.130 -570.500 -405.033 1835.950
1   -90.6643 -424.313 1889.890 -572.301 -404.920 1835.670
1   -92.767 -427.461 1896.430 -576.176 -405.060 1841.140
1   -97.7918 -428.782 1897.700 -579.454 -405.965 1847.850
1   -99.4477 -428.063 1903.730 -583.240 -406.733 1850.060
1   -105.732 -427.244 1904.150 -584.656 -407.108 1853.970
1   -112.273 -427.574 1914.120 -588.473 -407.992 1856.550
1   -117.707 -425.812 1915.830 -588.048 -409.494 1857.920
1   -116.994 -429.171 1922.030 -587.506 -409.739 1857.190
1   -120.013 -428.094 1920.980 -592.954 -412.472 1865.770
1   -118.771 -427.907 1933.660 -599.848 -412.669 1871.650
1   -120.415 -427.882 1938.600 -604.522 -414.676 1876.580
1   -122.582 -427.529 1940.050 -605.682 -417.891 1881.150
1   -120.973 -426.396 1941.120 -607.540 -420.709 1882.430
1   -123.805 -428.162 1950.140 -611.647 -422.920 1886.130
1   -124.079 -430.371 1956.410 -613.847 -423.368 1887.330
1   -124.749 -429.534 1961.110 -614.724 -423.334 1894.620
1   -126.981 -429.856 1964.960 -615.507 -424.418 1895.500
1   -129.400 -428.588 1968.830 -613.449 -424.830 1895.710
1   -130.011 -428.462 1969.010 -613.905 -425.260 1896.840
1   -126.442 -429.496 1973.190 -616.092 -424.320 1902.190
1   -130.043 -426.729 1972.190 -615.004 -424.372 1901.910
1   -131.963 -428.359 1968.320 -620.210 -427.733 1903.250
1   -129.765 -424.758 1975.480 -615.704 -427.494 1907.230
1   -124.012 -430.103 1972.100 -616.302 -428.344 1909.630
1   -120.231 -433.272 1976.030 -610.955 -426.962 1906.530
1   -123.208 -432.303 1968.150 -610.672 -429.374 1905.190
1   -113.764 -432.371 1972.680 -607.184 -431.484 1910.210
1   -114.454 -428.232 1973.300 -599.300 -426.539 1913.620
1   -101.380 -436.030 1973.070 -595.391 -425.914 1914.420