GRT_LABELLED_CLASSIFICATION_DATA_FILE_V1.0
DatasetName: both-hand-static-gesture
InfoText: Gesture Recognition For Human-Robot Interaction by Aravinth Panchadcharam <me@aravinth.info>
NumDimensions: 6
TotalNumExamples: 600
NumberOfClasses: 1
ClassIDsAndCounters: 
1	600	NOT_SET
UseExternalRanges: 0
Data:
1	-1000.09	2.87244	2553.23	-460.002	-22.4228	2715.4
1	-1000.67	7.64671	2551.59	-468.053	-8.29114	2711.81
1	-1006.28	12.5008	2543.34	-471.797	-23.7679	2702.82
1	-1008.34	-1.4366	2535.51	-488.848	-25.4593	2704.28
1	-1012.36	6.14797	2529.01	-490.174	-20.0725	2706.91
1	-1013.84	10.0629	2528.73	-491.214	-21.2323	2691.09
1	-1015.21	7.46953	2526.43	-481.012	8.94391	2706.05
1	-1012.35	4.55523	2526.3	-473.947	10.4016	2702.38
1	-1013.32	4.60307	2524.81	-495.028	-12.2991	2690.19
1	-1012.99	6.56245	2521.52	-487.106	3.84666	2687.78
1	-1010.62	6.24073	2523.26	-495.883	-1.63743	2696.07
1	-1005.46	1.93305	2520.88	-484.496	13.3439	2691.18
1	-1005.34	-2.71045	2514.98	-484.994	18.8481	2690.98
1	-1003.24	-2.23487	2514.75	-484.46	21.0718	2682.99
1	-999.889	-2.85355	2511.06	-486.731	12.3512	2684.29
1	-999.347	6.88702	2515.81	-485.542	21.0982	2699.87
1	-997.165	16.8789	2514.22	-484.429	21.9448	2695.97
1	-997.529	25.0277	2515.08	-485.631	26.0443	2699.3
1	-997.338	21.2768	2525.74	-488.422	6.69639	2704.72
1	-997.057	20.0533	2527.91	-488.872	12.4696	2695.77
1	-997.771	23.2637	2524.18	-482.79	13.817	2689.98
1	-993.723	30.3244	2514.84	-497.351	3.53867	2692.16
1	-997.241	28.7241	2526.15	-479.985	20.1872	2700.49
1	-997.395	39.3114	2523.97	-477.435	16.23	2706.04
1	-994.537	34.2845	2522.16	-481.377	17.5227	2691.59
1	-993.567	29.6957	2527.03	-480.648	2.0998	2693.33
1	-992.377	26.737	2525.7	-469.52	4.88752	2691.7
1	-987.66	26.4652	2525.64	-473.29	21.2744	2687.9
1	-980.89	27.1992	2534.67	-470.233	13.6289	2686.99
1	-978.091	37.7286	2521.68	-466.845	20.6481	2697.81
1	-980.515	30.736	2531	-465.932	18.2174	2687.38
1	-977.045	28.9699	2525.54	-463.206	9.33682	2685.99
1	-976.389	24.2568	2518.74	-466.909	14.1084	2705.46
1	-973.553	25.8073	2514.93	-465.144	9.11928	2693.29
1	-972.616	25.8383	2520.54	-471.528	23.3095	2686.87
1	-973.158	23.5892	2531.13	-471.901	12.6599	2686.01
1	-970.609	21.6202	2530.67	-482.294	14.306	2689.41
1	-969.062	25.8588	2524.46	-470.325	17.5342	2681.2
1	-970.691	28.8425	2522.38	-481.355	-14.7609	2681.61
1	-974.052	24.7259	2526.53	-484.03	-19.5971	2680.88
1	-978.834	20.112	2528.8	-480.869	-16.4663	2680.94
1	-976.134	19.2063	2527.72	-483.392	7.8625	2678.15
1	-974.702	19.5041	2520.98	-484.157	-18.8319	2666.46
1	-978.491	19.8621	2528.52	-485.091	-22.6025	2667
1	-977.451	26.2494	2531.05	-482.403	-20.1476	2669.32
1	-980.475	26.2666	2533.4	-483.532	-18.862	2672.41
1	-980.835	16.5842	2525.8	-481.562	-16.8762	2671.6
1	-986.383	23.0995	2528.26	-485.628	-12.8644	2680.77
1	-984.523	27.0679	2529.97	-482.471	-13.1752	2684.63
1	-986.436	23.905	2536.09	-482.021	-11.9044	2683.53
1	-984.654	22.0837	2536.03	-479.832	9.08562	2679.49
1	-985.231	16.5931	2532.26	-469.966	10.4048	2690.53
1	-988.726	12.1622	2535.42	-465.485	18.6789	2690.5
1	-985.771	25.1368	2532.21	-466.112	20.3517	2700.63
1	-986.501	23.1685	2526.95	-460.961	18.1686	2711.6
1	-988.781	8.22691	2533.2	-459.665	-0.255555	2709.05
1	-989.025	14.459	2528.97	-460.374	17.2077	2726.68
1	-982.345	21.9173	2525.22	-464.647	1.06795	2710.89
1	-984.166	24.4917	2534.18	-474.143	2.73049	2700.86
1	-982.18	21.5939	2535.8	-466.339	13.1955	2695.42
1	-979.2	22.6163	2527.67	-460.961	19.7969	2699.51
1	-980.682	14.7304	2533.43	-455.217	24.4478	2704.32
1	-979.612	17.2884	2528.41	-449.612	25.4931	2710.1
1	-979.905	19.6918	2528.38	-444.227	28.4884	2722.46
1	-980.801	19.5767	2530.6	-452.937	28.0782	2735.2
1	-975.346	21.2743	2524.21	-448.974	26.8569	2728.39
1	-978.323	17.9405	2528.5	-449.655	30.6375	2725.05
1	-978.084	17.7657	2527.35	-457.897	19.6988	2708.81
1	-979.199	16.0679	2535.51	-446.528	21.288	2706.48
1	-976.692	18.2042	2533.08	-442.564	23.4512	2719.12
1	-978.496	21.3621	2531.45	-442.158	23.7159	2728.93
1	-975.192	20.9127	2518.66	-445.552	23.5369	2726.75
1	-980.723	11.9057	2534.51	-444.989	19.8517	2727.6
1	-978.325	11.7964	2526.53	-444.374	10.9068	2730.54
1	-979.472	11.0171	2524.49	-441.839	3.65575	2725.64
1	-983.54	12.1422	2533.34	-442.44	11.4018	2719.53
1	-982.705	10.2754	2532.61	-444.09	24.9517	2725.34
1	-986.517	11.543	2528.3	-438.473	17.7376	2723.25
1	-984.871	7.99156	2525.56	-438.433	40.5862	2737.46
1	-984.814	16.8253	2532.96	-442.666	34.1527	2727.06
1	-989.52	16.4999	2529.21	-447.133	34.336	2715.77
1	-985.278	8.56099	2525.43	-445.007	35.8976	2706.11
1	-988.726	5.97393	2528.49	-440.845	30.8714	2694.24
1	-987.525	17.1794	2514.74	-456.071	14.4271	2706.71
1	-989.963	25.361	2522.2	-449.153	12.9084	2691.24
1	-993.369	9.91015	2531.44	-469.507	15.6278	2710.28
1	-993.773	20.7467	2527.03	-461.279	24.8772	2721.62
1	-992.484	18.1482	2522.42	-458.167	27.4638	2729.14
1	-998.043	22.1703	2534.42	-452.409	27.163	2728.19
1	-999.061	18.667	2536.56	-453.854	27.3204	2730.89
1	-998.567	19.1047	2531.36	-450.045	26.9534	2721.47
1	-998.689	22.4535	2531.43	-455.64	27.2198	2720.69
1	-999.168	25.2662	2529.46	-456.108	24.4956	2716.33
1	-997.971	26.472	2527.35	-463.151	26.021	2715.28
1	-1002.07	21.2627	2536.87	-462.12	28.145	2715.73
1	-1001.94	24.2173	2529.82	-460.969	25.7943	2693.74
1	-1003.28	25.3638	2527.22	-464.785	33.0695	2700.89
1	-1001.4	13.1655	2534.96	-470.476	18.2266	2694.09
1	-1000.37	12.4771	2530.87	-472.326	-4.25513	2713.62
1	-1000.05	7.05968	2533.2	-463.332	20.8395	2719.06
1	-1002.38	9.79256	2539.24	-462.608	12.7992	2720.39
1	-1005.69	15.6425	2548.25	-462.24	12.5683	2718
1	-1003.49	16.6549	2549.48	-455.612	10.2057	2717.78
1	-1006.25	18.6362	2551.95	-459.329	18.5858	2710.57
1	-1002.51	23.2818	2545.29	-465.528	17.6148	2692.99
1	-1003.81	29.7157	2540.02	-467.142	15.8329	2692.14
1	-1005.6	35.4731	2543.1	-464.653	19.0533	2693.76
1	-1007.01	37.174	2547.89	-464.915	20.888	2696.63
1	-1006.55	36.2766	2548.31	-462.15	21.2155	2697.65
1	-1006.25	35.0692	2545.7	-464.661	25.9637	2701.97
1	-1006.82	31.3618	2551.9	-462.438	25.9727	2699.25
1	-1000.47	27.5656	2548.11	-460.151	26.8402	2706.64
1	-1000.65	25.2489	2550.68	-458.064	26.1066	2708.76
1	-1002.33	23.9476	2560.85	-458.927	25.4679	2700.26
1	-998.356	20.8244	2558.03	-462.213	21.1333	2700.57
1	-997.143	25.8187	2559.16	-460.424	23.6638	2718.08
1	-994.213	30.9045	2548.02	-461.283	21.2432	2717.22
1	-996.865	29.3055	2552.03	-464.474	21.7451	2720.58
1	-994.688	32.0215	2545.64	-461.031	18.9019	2717.49
1	-993.441	29.6704	2553.95	-464.052	20.6343	2717.51
1	-994.615	32.7156	2553.59	-468.308	18.482	2720.7
1	-991.755	35.0292	2558.76	-465.219	23.515	2714.9
1	-987.966	29.2768	2559.71	-463.508	23.9051	2722.62
1	-985.17	20.6037	2552.71	-455.333	26.619	2728.96
1	-984.567	29.9143	2552.21	-455.284	29.9532	2731.82
1	-986.909	26.355	2559.84	-454.16	30.9912	2725.83
1	-984.807	23.037	2555.25	-460.253	10.2112	2708.08
1	-987.986	22.5757	2557.04	-452.784	3.69346	2708.64
1	-988.226	29.9994	2549.42	-460.005	13.0834	2709.28
1	-987.008	27.9879	2564.82	-455.376	23.4099	2713.6
1	-983.408	30.5432	2562.04	-444.192	9.88265	2699.53
1	-984.206	28.8931	2564.43	-444.363	17.1235	2703.43
1	-982.294	29.101	2563.18	-436.144	12.5928	2706.38
1	-982.256	27.3308	2563.02	-434.711	20.2048	2705.62
1	-980.537	28.6908	2564.55	-442.49	15.8281	2715.56
1	-979.058	24.0977	2561.81	-435.274	23.2376	2707.16
1	-979.633	26.6071	2564.11	-439.99	32.2848	2709.64
1	-976.984	28.1672	2562.09	-433.203	24.3928	2699.97
1	-978.636	27.2497	2564.93	-437.462	25.4589	2702.78
1	-979.53	27.6869	2565.04	-441.611	30.349	2692.19
1	-980.396	28.2172	2565.49	-441.317	15.3161	2698.77
1	-984.533	28.8705	2562.02	-433.78	15.7798	2694.44
1	-986.458	28.1952	2551.52	-439.722	13.2605	2698.32
1	-985.698	28.4032	2552.96	-443.834	6.96469	2704.68
1	-988.051	23.1841	2554.21	-452.593	2.16564	2713.98
1	-988.976	24.5691	2552.16	-445.192	9.38384	2714.94
1	-988.35	25.5586	2551.99	-437.926	34.9581	2723.42
1	-988.232	29.5246	2558.22	-434.064	40.1415	2726.23
1	-987.704	30.8688	2555.2	-435.354	42.9315	2720.88
1	-989.832	30.4544	2560.9	-432.285	41.1007	2712.72
1	-993.446	31.3826	2567.14	-443.006	41.6643	2730.15
1	-990.225	30.1744	2562.84	-442.711	38.7924	2723.99
1	-991.698	25.3627	2565.23	-439.173	36.8797	2718.88
1	-992.285	27.8092	2566.17	-452.847	38.6226	2727.54
1	-993.327	32.8181	2563.07	-455.581	36.9509	2714.4
1	-990.707	37.6241	2563.48	-458.308	36.5423	2719.86
1	-993.079	27.7369	2568.7	-465.918	22.8076	2729.3
1	-1000.43	27.3143	2564.9	-453.247	40.8743	2730.92
1	-1000.71	29.316	2563.89	-453.914	42.8774	2731.55
1	-999.946	30.0222	2558.79	-450.653	43.352	2732.56
1	-1000.33	30.0852	2552.31	-450.997	46.9504	2733.88
1	-1001.83	29.2359	2549.84	-461.62	24.9884	2734.58
1	-1006.65	32.8319	2560.01	-462.104	20.9288	2731.31
1	-1011.97	40.3407	2564.26	-467.085	17.5809	2732.67
1	-1008.41	43.4901	2559.34	-447.57	50.6343	2737.34
1	-1011.22	44.4642	2561.58	-456.074	23.5945	2725.55
1	-1016.12	43.3198	2562.11	-449.794	49.7828	2740.58
1	-1011.88	40.7853	2558.44	-444.34	48.8522	2746.72
1	-1016.61	30.5603	2564.56	-445.129	59.1441	2751.82
1	-1019.02	48.0854	2561.1	-449.333	66.0215	2754.07
1	-1019.78	27.8587	2578.76	-448.832	69.7095	2766.41
1	-1029.85	50.7563	2580.81	-448.278	66.7085	2759.88
1	-1033.41	54.1588	2576.7	-448.837	65.2172	2757.49
1	-1038.72	56.9087	2580.65	-438.334	65.9437	2750.57
1	-1039.41	51.8025	2580.66	-436.351	67.5104	2740.35
1	-1042.8	52.4431	2581.51	-431.385	68.8584	2743.82
1	-1045.23	56.0774	2584.35	-432.415	65.573	2744.44
1	-1046.46	60.5001	2583.33	-433.109	77.4265	2749.23
1	-1050.61	64.6597	2588.79	-432.724	69.9242	2746.3
1	-1050.57	70.2981	2585.68	-445.337	47.2575	2746.28
1	-1051.17	72.0143	2589.17	-446.039	45.0472	2750.83
1	-1048	82.5439	2579.39	-434.145	92.2244	2771.95
1	-1052.83	72.5481	2591.48	-439.355	76.3586	2752.69
1	-1052.51	77.6724	2589.05	-445.063	89.9253	2767.38
1	-1051.83	81.6677	2584.53	-445.347	63.5005	2755.06
1	-1062.12	80.769	2606.64	-444.547	70.1369	2755.03
1	-1065.71	81.9543	2603.25	-437.004	92.6812	2742.26
1	-1076.54	86.2403	2608.79	-429.621	108.38	2767.52
1	-1076.63	93.5992	2603.77	-434.837	108.177	2762.93
1	-1074.6	97.6052	2601.35	-440.515	99.1577	2760.81
1	-1075.31	104.998	2594.45	-432.344	105.552	2769.49
1	-1083.41	97.6061	2604.37	-438.768	97.0751	2759.86
1	-1084.96	95.0795	2606.87	-439.94	88.4289	2755.71
1	-1082.54	104.446	2601.01	-438.195	84.9435	2759.48
1	-1093.14	110.279	2601.55	-427.506	126.608	2791.01
1	-1088.94	111.547	2598.5	-432.902	107.635	2773.07
1	-1093.26	117.306	2607.14	-427.683	94.8444	2770.56
1	-1097.05	118.246	2612.01	-415.768	119.349	2790.2
1	-1097.74	124.344	2612.39	-406.391	127.492	2786.26
1	-1098.82	125.292	2610.97	-409.382	126.311	2770.62
1	-1104.85	133.102	2620.24	-415.39	130.243	2790.02
1	-1104.9	134.312	2622.1	-407.376	149.02	2791.12
1	-1101.09	135.697	2618.09	-402.625	164.899	2802.57
1	-1113.14	135.229	2640.63	-398.473	174.522	2808.68
1	-1114	139.01	2641.85	-420.923	139.685	2807.24
1	-1115.66	141.779	2645.69	-420.369	138.897	2802.91
1	-1110.86	141.5	2625.77	-416.038	151.874	2801.64
1	-1116.34	159.304	2643.23	-408.345	177.386	2801.36
1	-1113.39	170.55	2639.54	-415.97	163.093	2810.67
1	-1120.46	151.112	2648.28	-409.562	176.019	2806.43
1	-1112.83	162.636	2640.65	-408.098	180.89	2819.02
1	-1110.48	187.577	2645.99	-398.705	211.587	2827.31
1	-1109.48	187.844	2642.87	-410.56	173.284	2806.26
1	-1113.1	197.086	2656.09	-417.276	173.705	2804.27
1	-1106.36	203.136	2642.14	-398.512	210.239	2812.94
1	-1109.91	203.29	2659.3	-405.405	205.85	2833.08
1	-1103.15	200.15	2652.62	-408.319	216.225	2833.39
1	-1099.74	207.762	2655.86	-402.018	221.261	2832.26
1	-1099.43	212.696	2661.16	-406.525	220.917	2824.26
1	-1090.22	204.044	2630.57	-404.207	213.617	2817.67
1	-1082.43	200.8	2619.16	-408.812	209.074	2816.47
1	-1084.84	196.487	2638.01	-404.47	210.658	2825.34
1	-1086.81	199.444	2645.49	-407.406	210.395	2835.52
1	-1085.46	202.172	2642.09	-407.673	212.803	2842.28
1	-1085.07	201.198	2639.85	-419.498	173.539	2803.07
1	-1085.39	198.265	2632.83	-413.243	180.278	2808.66
1	-1081.36	196.981	2629.85	-412.539	175.817	2800.55
1	-1084.53	193.701	2643.88	-401.041	202.149	2817.84
1	-1093.42	185.161	2648.19	-400.961	200.108	2819.85
1	-1087.43	191.937	2650.68	-407.974	190.406	2826.39
1	-1081.21	181.281	2636.84	-405.169	178.307	2809.43
1	-1079.43	180.929	2636.16	-418.193	165.552	2809.8
1	-1076.86	164.794	2626.58	-414.425	153.673	2799.75
1	-1079.55	152.367	2638.24	-416.969	150.064	2799.6
1	-1076.51	145.74	2627.91	-402.077	161.594	2808.42
1	-1070.99	141.946	2614.99	-399.136	164.475	2805.46
1	-1072.84	137.801	2622.85	-398.329	152.446	2791.74
1	-1070.71	132.05	2618.42	-424.704	117.46	2796.51
1	-1069.05	125.503	2628.02	-425.025	119.234	2780.3
1	-1068.45	109.847	2624.71	-417.667	121.861	2773.59
1	-1059.07	110.341	2609.94	-408.321	126.362	2772.75
1	-1058.73	97.074	2609.92	-412.869	127.945	2777.82
1	-1055.6	103.651	2607.79	-414.437	130.023	2775.33
1	-1057.69	100.003	2627.15	-404.436	119.376	2746.07
1	-1048.82	90.675	2618.11	-409.636	120.476	2748.47
1	-1040.83	89.5458	2604.63	-404.353	105.926	2752.02
1	-1037.43	81.6322	2601.91	-406.497	91.6218	2750.8
1	-1037.89	80.5529	2602.5	-421.899	72.6757	2746.24
1	-1032.95	76.4812	2592.58	-422.535	84.4043	2758.87
1	-1032.76	69.7889	2604.69	-433.415	79.2389	2770.87
1	-1029.38	67.0654	2598.71	-430.135	80.7536	2766.8
1	-1027.81	63.861	2592.83	-427.925	66.0595	2749.81
1	-1024.91	63.6658	2594.19	-424.621	65.8315	2744.72
1	-1023.08	63.6559	2581.6	-443.101	27.7828	2741.4
1	-1018.31	49.017	2571.15	-443.191	24.8317	2746.67
1	-1020.55	49.8526	2579.47	-437.06	59.0821	2756.59
1	-1019.19	45.6648	2580.4	-435.541	8.07114	2754.84
1	-1017.17	42.7571	2573.11	-443.859	12.0641	2747.07
1	-1016.74	36.6146	2576.02	-432.405	12.261	2723.8
1	-1011.39	35.386	2560.3	-423.938	17.5036	2707.01
1	-1009.9	37.0558	2559.42	-423.413	17.4337	2722.36
1	-1009.3	33.6616	2554.94	-426.933	18.9921	2727.83
1	-1012.83	29.3988	2562.55	-425.732	20.9103	2734.38
1	-1008.66	28.3111	2561.12	-426.094	16.7957	2735.27
1	-1013.92	18.6833	2572.96	-425.8	19.3461	2735.29
1	-1013.67	24.467	2569.56	-424.541	16.3189	2728.53
1	-1013.11	26.3256	2574.53	-422.68	12.6467	2719.06
1	-1011.3	24.8426	2570.54	-423.308	-1.47992	2715.72
1	-1015	26.7486	2571.65	-441.336	-4.12179	2731.05
1	-1013.02	25.0338	2573.38	-445.02	3.59537	2741.82
1	-1014.02	28.9642	2573.04	-435.679	17.4126	2749.82
1	-1019.14	37.6246	2571.34	-437.022	25.8499	2740.45
1	-1016.15	33.5651	2575.29	-438.329	32.9709	2726.69
1	-1014.41	61.445	2558.14	-432.324	49.6708	2730.94
1	-1023.01	69.8524	2562.28	-429.869	75.0246	2750.16
1	-1022.87	72.572	2565.46	-435.394	86.8267	2761.52
1	-1024.37	74.8711	2568.36	-428.889	92.8035	2751.01
1	-1024.1	78.8916	2569.91	-425.812	91.1395	2750.83
1	-1026.11	86.8669	2573.61	-422.545	83.6814	2757.35
1	-1032.99	92.2744	2582.49	-420.058	82.1529	2755.97
1	-1031.47	98.066	2581.23	-417.01	84.4477	2751.47
1	-1037.36	105.99	2585.54	-421.327	107.448	2763.15
1	-1043.69	118.477	2582.08	-424.02	116.917	2758.83
1	-1040.85	119.085	2575.89	-419.68	118.18	2767.91
1	-1040.94	126.778	2574.64	-409.394	108.378	2752.3
1	-1048.91	142.273	2579.87	-417.995	113.576	2757.68
1	-1054.16	147.456	2592.33	-425.607	126.136	2772.08
1	-1052.18	145.839	2584.11	-422.408	120.693	2772.39
1	-1048.52	156.274	2582.45	-423.239	131.325	2798.87
1	-1055.73	169.124	2581.05	-401.315	150.019	2783.6
1	-1058.81	162.095	2589.75	-401.989	154.236	2797.97
1	-1062.65	174.214	2594.09	-400.578	159.161	2787.67
1	-1057.91	178.488	2573.07	-386.821	178.028	2771.99
1	-1058.43	185.376	2573.73	-386.331	192.159	2787.86
1	-1069.83	202.704	2602.13	-391.173	201.744	2800.54
1	-1072.3	197.156	2592.59	-393.45	196.501	2810.74
1	-1068.41	216.486	2592.53	-392.646	207.233	2807.45
1	-1065.01	221.915	2585.06	-391.87	209.054	2805.72
1	-1070.82	217.796	2591.52	-388.675	219.626	2800.97
1	-1074.24	214.628	2601.82	-379.581	228.03	2797.69
1	-1079.63	227.289	2612.23	-382.485	224.193	2803.06
1	-1078.53	229.884	2619.21	-388.418	236.54	2812.37
1	-1079.08	233.945	2615.04	-392.68	243.911	2824.28
1	-1081.36	238.107	2613.18	-393.119	251.159	2831.29
1	-1078.5	242.807	2612.57	-389.745	248.722	2801.16
1	-1079.98	244.69	2616.99	-390.543	260.972	2811.47
1	-1080.82	240.747	2617.28	-384.792	274.583	2820.47
1	-1078.75	239.67	2610.84	-403.086	239.501	2826.48
1	-1080.63	239.732	2615.83	-398.437	254.136	2824.12
1	-1079.12	243.522	2615.65	-394.411	266.913	2828.66
1	-1079.83	244.915	2617.33	-395.412	260.27	2819.04
1	-1070.39	255.132	2605.69	-395.113	256.655	2817.35
1	-1073	257.191	2614.44	-396.898	256.918	2827.6
1	-1073.39	258.834	2623.91	-386.503	271.154	2814.1
1	-1076.21	256.68	2626.65	-389.118	256.257	2821.45
1	-1072.87	252.598	2624.3	-386.14	280.521	2822.82
1	-1069.42	244.554	2621.02	-381.855	275.509	2811.92
1	-1066.71	237.156	2615.76	-383.974	267.399	2810.69
1	-1069.08	242.967	2615.6	-390.115	258.421	2803.59
1	-1071.24	237.462	2608.42	-389.226	254.008	2814.43
1	-1068.17	235.364	2602.28	-378.834	248.541	2817.74
1	-1070.08	225.291	2614.6	-374.462	223.281	2783.89
1	-1068.57	222.268	2621.27	-384.192	216.031	2784.27
1	-1068.99	222.745	2613.78	-393.7	210.042	2793.2
1	-1066.31	216.895	2611.07	-389.487	208.06	2799.39
1	-1060.76	189.069	2608.51	-393.558	205.087	2806.94
1	-1066.71	188.259	2602.2	-386.913	197.653	2793.29
1	-1066.54	182.824	2611.39	-385.187	190.463	2791.54
1	-1061.51	175.491	2601.7	-382.44	190.482	2779.75
1	-1052.56	172.725	2598.94	-389.702	167.381	2778.01
1	-1058.45	163.5	2606.44	-401.99	157.621	2794.53
1	-1055.05	160.233	2609.72	-395.49	156.894	2783.92
1	-1050.97	149.199	2602.03	-397.508	146.425	2783.61
1	-1047.38	145.606	2593.74	-393.304	143.55	2760.69
1	-1043.71	134.433	2596.28	-419.151	114.423	2762.9
1	-1039.05	116.456	2601.77	-424.829	108.653	2754.5
1	-1032.1	110.864	2587.46	-410.502	118.067	2757.52
1	-1027.42	105.564	2589.28	-416.703	114.96	2760.72
1	-1029.07	103.374	2594.27	-412.91	119.616	2760.06
1	-1027.64	101.618	2595.82	-410.284	104.783	2744.45
1	-1022.12	90.4125	2580.53	-413.147	107.772	2744.61
1	-1018.08	96.2809	2587.91	-423.671	105.218	2758.33
1	-1024.64	89.246	2597.72	-412.563	114.641	2749.22
1	-1015.9	80.7292	2590.96	-407.379	95.3124	2733.9
1	-1013.59	85.2191	2596.62	-423.437	78.3735	2761.54
1	-1014.25	85.005	2601.65	-438.012	55.2225	2761.25
1	-1013.33	80.9482	2595.64	-435.955	56.3129	2755.3
1	-1013.54	68.765	2588.81	-433.27	57.7304	2750.66
1	-1009.48	63.1917	2584.49	-443.436	36.4565	2748.49
1	-1003.52	60.668	2581.26	-448.204	41.9918	2739.88
1	-1005.07	57.3908	2580.38	-445.375	22.935	2725.75
1	-1007.92	39.9033	2598.08	-439.105	32.2896	2735.63
1	-1008.51	41.2588	2594.31	-432.043	33.7861	2739.59
1	-1013.33	39.1774	2584.85	-438.579	23.0639	2737.36
1	-1012.92	34.0892	2592.99	-437.79	20.6192	2738.91
1	-1013.85	42.3499	2576.67	-439.794	28.2621	2755.43
1	-1014.37	48.8306	2575.99	-439.451	30.41	2761.09
1	-1019.54	40.2242	2580.19	-444.675	38.3956	2759.72
1	-1018.3	34.3564	2578.2	-446.333	26.2739	2740.36
1	-1021.81	42.1169	2577.24	-442.5	18.0119	2739.54
1	-1023.7	42.1587	2575.44	-437.025	30.9036	2743.41
1	-1039.97	36.1708	2584.51	-436.07	36.0132	2733.72
1	-1038.69	37.3458	2583.04	-440.628	36.1179	2731.28
1	-1038.84	42.3399	2582.47	-431.774	48.5609	2749.52
1	-1043.05	42.5774	2584.76	-433.574	59.2454	2753.32
1	-1051.92	43.9016	2586.01	-431.966	66.147	2754.26
1	-1053.03	47.0555	2576.63	-422.112	70.9721	2752.7
1	-1061.99	46.9542	2595.62	-424.635	74.8656	2745.38
1	-1057.16	46.4072	2593.59	-422.175	77.1483	2752.13
1	-1065.96	66.0249	2594.78	-419.304	79.9276	2762.69
1	-1070.4	67.1004	2599.33	-418.659	79.508	2766.92
1	-1073.51	69.6525	2604.67	-416.089	66.3999	2768.62
1	-1079.83	67.8771	2606.4	-407.879	71.3818	2755.27
1	-1088.23	74.4607	2617.11	-413.765	74.69	2774.26
1	-1090.01	78.5426	2615.59	-419.949	78.7512	2766.9
1	-1089.12	81.8244	2608.08	-391.837	101.676	2787.78
1	-1096.16	81.3378	2612.5	-387.353	101.246	2788.2
1	-1098	83.1877	2610.37	-389.215	99.5712	2782.67
1	-1097.19	91.354	2597	-401.404	87.147	2800.58
1	-1094.09	90.1041	2603.8	-396.477	88.6774	2794.99
1	-1110.59	95.3835	2621.67	-392.606	91.6347	2798.75
1	-1116.27	101.56	2635.61	-388.953	99.9692	2802.41
1	-1115.6	115.173	2634.24	-390.723	102.611	2794.12
1	-1121.75	123.745	2637.79	-375.373	120.88	2791.24
1	-1124.58	130.622	2639.18	-374.402	136.863	2811.1
1	-1124.28	132.45	2626.66	-369.181	144.117	2798.3
1	-1120.72	130.74	2624.71	-365.562	150.528	2779.11
1	-1123.86	132.028	2626.68	-370.416	176.714	2811.24
1	-1124.21	137.528	2637.18	-364.316	183.903	2827.11
1	-1120.18	147.759	2629.28	-367.604	186.363	2818.76
1	-1122.78	154.905	2631.56	-369.882	185.242	2805.36
1	-1120.08	163.484	2624.14	-371.034	189.848	2795.01
1	-1118.82	165.051	2624.59	-373.26	185.393	2813.21
1	-1121.92	171.933	2622.08	-371.278	185.382	2807.24
1	-1120.97	173.94	2614.38	-391.855	167.456	2811
1	-1123.67	182.751	2615.68	-374.967	207.38	2810.34
1	-1130.25	185.625	2632.43	-366.9	216.929	2814.97
1	-1124.31	179.501	2625.16	-377.971	209.023	2823.41
1	-1128.84	188.726	2630.2	-377.026	208.417	2820.81
1	-1133.2	203	2647.25	-380.786	206.218	2821.69
1	-1127.88	203.468	2635.89	-379.046	220.025	2809.92
1	-1123.17	206.621	2630.61	-395.724	201.098	2811.78
1	-1121.22	207.093	2627.14	-398.902	198.148	2811.38
1	-1117.98	207.289	2631.3	-397.165	202.028	2811.75
1	-1122.74	205.154	2648.05	-381.859	225.694	2821.16
1	-1124.14	204.553	2647.93	-392.669	216.14	2816.05
1	-1121.54	201.256	2648.5	-398.994	210.281	2811.07
1	-1114.19	196.991	2636.03	-400.116	206.169	2812.67
1	-1108.27	187.661	2627.44	-383.222	213.06	2807.66
1	-1105.3	181.639	2618.8	-372.288	224.152	2809.18
1	-1111.78	182.279	2635.51	-378.08	212.043	2819.68
1	-1109.06	181.761	2627.03	-373.755	203.871	2802.89
1	-1103.27	174.995	2625.07	-381.863	184.651	2799.99
1	-1106.49	179.371	2630.93	-381.322	188.942	2799.92
1	-1099.6	169.637	2626.2	-379.658	190.675	2807.73
1	-1103.48	156.968	2628.39	-387.392	181.455	2809.28
1	-1095.37	162.024	2617.24	-382.431	175.287	2802.36
1	-1093.33	138.14	2623.38	-410.328	143.021	2798.59
1	-1087.07	130.425	2605.34	-410.967	132.306	2781.84
1	-1092.43	126.273	2617.36	-408.268	134.221	2781.05
1	-1088.53	126.466	2617.97	-409.638	135.953	2789
1	-1095.88	123.908	2615.6	-406.268	123.56	2776.07
1	-1086.04	121.098	2613.91	-405.298	127.02	2788.38
1	-1086.23	107.192	2623.11	-405.928	126.336	2794.39
1	-1075.58	111.007	2595.57	-418.578	85.9814	2767.74
1	-1078.19	99.7064	2614.9	-414.399	74.4952	2763.93
1	-1079.88	95.9079	2615.26	-409.114	102.994	2779.91
1	-1075.64	91.8911	2601.04	-408.439	92.777	2769.09
1	-1071.53	84.0601	2590.27	-422.051	64.017	2777.78
1	-1070.1	71.2838	2598.31	-417.161	68.8219	2771.33
1	-1067.06	65.402	2601.21	-410.187	70.1061	2769.25
1	-1063.88	60.8986	2598.37	-415.412	67.4106	2767.57
1	-1070.39	58.3554	2598.2	-417.447	68.9133	2763.77
1	-1066.92	52.1027	2602.51	-414.76	68.6803	2771.92
1	-1063.41	47.7408	2595.03	-424.717	52.6771	2771.94
1	-1062.23	36.3404	2591.67	-403.003	63.026	2750.41
1	-1055.45	35.8467	2585.87	-411.328	66.0412	2753.99
1	-1057.32	37.2187	2591.25	-415.867	52.5957	2760.3
1	-1049.55	34.7314	2591.14	-417.241	39.7372	2760.46
1	-1046.88	33.3231	2584.22	-431.169	-1.38606	2740
1	-1041.73	34.6814	2587.87	-419.176	17.4652	2740.56
1	-1041.78	29.4901	2594.68	-422.409	16.3198	2748.65
1	-1044.46	24.6784	2593.43	-415.169	18.0135	2748
1	-1041.97	19.956	2590.39	-420.258	19.9995	2754.57
1	-1038.34	22.8449	2578.69	-421.099	18.6104	2765.87
1	-1040.7	26.2601	2582.64	-418.557	11.8453	2749.06
1	-1042.12	16.3662	2584.69	-417.905	20.6688	2750.61
1	-1040.31	14.1898	2583.52	-413.727	21.0771	2755.44
1	-1041.11	15.5751	2585.64	-416.552	20.7503	2756.22
1	-1039.78	15.3368	2589.03	-414.973	11.5974	2745.87
1	-1042.23	16.552	2587.97	-412.674	23.9928	2752.8
1	-1038.83	24.6758	2581.26	-413.581	29.8357	2755.77
1	-1042.37	28.6523	2583.04	-418.234	50.3944	2750.39
1	-1048.51	28.1116	2591.77	-421.944	56.6178	2738.47
1	-1058.12	36.074	2588.4	-424.414	48.9525	2746
1	-1053.36	35.1584	2586.28	-427.465	48.0369	2742.96
1	-1050.01	44.5075	2570.89	-434	42.5517	2737.62
1	-1057.43	54.6759	2582.08	-438.565	34.9596	2745.03
1	-1058.11	61.3481	2592.97	-424.406	65.3919	2742.18
1	-1060.41	68.8535	2584.66	-430.138	58.1058	2748.32
1	-1060.65	80.7032	2574.23	-427.107	64.1276	2747.49
1	-1068.53	87.5271	2586.93	-406.657	91.2034	2738.3
1	-1060.59	90.5303	2579.51	-411.015	94.0022	2746.42
1	-1069.28	97.7289	2592.12	-413.773	83.6624	2747.21
1	-1069.84	110.379	2593.53	-423.652	90.1707	2749.18
1	-1068.48	120.854	2586.85	-430.892	86.6712	2761.95
1	-1069.85	126.243	2585.48	-425.873	120.466	2778.9
1	-1069.94	125.921	2585.87	-414.665	126.23	2769.66
1	-1074.52	134.688	2598.31	-422.991	131.149	2778.95
1	-1077.6	142.801	2593.92	-414.126	152.638	2791
1	-1081.95	153.45	2595.7	-409.769	157.635	2789.54
1	-1081.44	162.027	2591.47	-405.411	164.833	2794.91
1	-1088.18	161.724	2607.04	-405.096	169.688	2789.36
1	-1083.64	176.518	2608.78	-403.014	166.53	2785.04
1	-1088.35	182.196	2605.19	-399.193	181.025	2795.14
1	-1088.78	183.586	2612.14	-398.546	191.014	2805.84
1	-1087.6	195.527	2613.02	-387.598	203.546	2795.74
1	-1091.37	200.804	2615.1	-397.824	203.018	2805.25
1	-1093.16	203.636	2620.62	-383.698	218.472	2809.94
1	-1094.73	201.412	2635.2	-382.073	220.885	2803.73
1	-1094.32	213.165	2640.61	-381.581	226.36	2811.61
1	-1094.24	218.404	2646.33	-386.445	216.93	2803.31
1	-1095.6	220.637	2645.62	-393.3	207.322	2803.3
1	-1093.25	219.911	2646.66	-395.564	222.857	2823.59
1	-1088.36	211.262	2627.13	-388.38	245.031	2816.78
1	-1090.75	216.939	2644.16	-387.419	249.947	2812.83
1	-1089.55	213.127	2649.03	-388.431	251.602	2813.84
1	-1093.44	214.669	2660.5	-388.961	248.203	2813.99
1	-1093.49	222.579	2652.41	-390.119	232.264	2804.5
1	-1094.99	223.919	2661.68	-390.246	249.757	2821.91
1	-1096.21	219.651	2656.54	-388.755	240.064	2818.4
1	-1093.92	217.668	2648.47	-390.881	237.463	2814.48
1	-1093.46	221.462	2650.66	-392.2	244.198	2820.21
1	-1082.84	218.213	2630.16	-387.635	237.942	2822.01
1	-1086.6	203.521	2653.02	-406.645	180.322	2800.69
1	-1087.79	204.201	2654.2	-393.346	204.302	2802.94
1	-1091.95	196.103	2668.22	-391.584	208.366	2805.38
1	-1086.59	191.481	2650.95	-393.296	199.554	2818.27
1	-1090.64	184.718	2659.97	-393.118	195.763	2817.46
1	-1092.87	180.353	2661.96	-395.816	184.585	2804.54
1	-1093.14	166.701	2663.11	-399.634	184.138	2807.21
1	-1097.32	158.585	2668.69	-411.678	144.18	2794.45
1	-1089.87	148.184	2659.92	-408.89	160.398	2805.69
1	-1093.64	140.2	2668.43	-402.824	158.539	2802.98
1	-1093.26	137.858	2665.3	-402.662	155.28	2805.28
1	-1082.69	120.58	2649.25	-417.74	96.7832	2776.56
1	-1087.64	116.441	2656.98	-405.577	139.211	2787.53
1	-1092.86	114.169	2673.75	-414.98	129.673	2778
1	-1088.26	103.124	2665.72	-405.56	127.042	2777.17
1	-1078.55	97.2453	2653.18	-410.789	124.889	2797.7
1	-1077.83	93.4521	2650.37	-417.272	120.431	2803.96
1	-1079.65	87.3498	2656.17	-418.6	118.23	2795.19
1	-1077.96	77.5792	2661.12	-415.942	107.006	2773.54
1	-1077.12	64.4573	2665.46	-417.433	110.678	2782.55
1	-1066.2	69.2147	2655.47	-417.946	100.663	2779.3
1	-1068.3	59.6978	2664.81	-427.401	91.174	2777.93
1	-1071.4	53.7556	2666.18	-439.533	59.3501	2774.92
1	-1067.66	31.731	2673.99	-434.051	63.2922	2770.86
1	-1060.8	45.6857	2659.03	-426.428	64.1084	2761.82
1	-1052.87	38.3762	2655.1	-437.405	41.4532	2760.42
1	-1055.5	26.5053	2655.45	-444.422	28.3386	2744.33
1	-1059.84	31.5279	2656.78	-444.331	27.2639	2761.48
1	-1058.51	33.9818	2651.51	-433.307	31.3515	2751.97
1	-1061.72	30.5076	2641.08	-436.669	26.9079	2750.19
1	-1065.77	24.4455	2636.32	-423.442	32.7235	2736.56
1	-1069.33	25.5873	2635.7	-432.664	30.4517	2747.19
1	-1069.22	26.7546	2632.62	-444.839	16.7157	2744.54
1	-1069.37	27.9412	2629.61	-437.381	36.1	2748.94
1	-1066.26	28.5003	2625.57	-427.079	50.0963	2742.5
1	-1065.92	30.5437	2621.04	-428.999	50.7803	2746.43
1	-1062.89	33.5234	2623.51	-418.15	39.5635	2740.67
1	-1058.9	41.8166	2613.38	-413.433	49.5787	2729.5
1	-1057.83	44.6747	2617.07	-411.794	61.3314	2742.2
1	-1061.59	46.6733	2626.71	-420.197	65.0438	2748.38
1	-1063.71	49.622	2627.42	-415.269	66.5898	2739.77
1	-1069.5	49.6608	2633.01	-416.576	69.9887	2745.7
1	-1070.35	51.0944	2631.45	-420.475	72.1289	2760.18
1	-1067.09	57.7308	2623.22	-413.759	76.0554	2755.82
1	-1080.4	77.1398	2639.18	-424.744	88.0994	2761.14
1	-1081.27	82.1605	2631.45	-413.164	84.1084	2760.7
1	-1080.03	86.4906	2629.15	-413.194	93.8205	2747.68
1	-1076.05	93.8273	2612.47	-403.603	109.699	2753.51
1	-1079.97	105.963	2618.86	-417.598	98.1851	2745.71
1	-1076.11	106.097	2610.42	-401.61	116.845	2749.91
1	-1083.35	119.781	2620.14	-399.486	117.414	2744.77
1	-1084.93	133.542	2625.51	-403.629	119.236	2756.49
1	-1084.04	138.319	2615.7	-409.26	109.862	2746.66
1	-1084.57	143.648	2612.47	-413.902	123.498	2759.25
1	-1089.76	150.55	2613.74	-397.844	145.157	2765.05
1	-1084.63	152.488	2602.17	-386.787	160.098	2774.58
1	-1088.81	155.324	2611.01	-392.052	157.811	2760.55
1	-1091.6	157.34	2612.9	-391.691	167.708	2766.48
1	-1095.19	174.925	2613.47	-389.159	179.51	2770.13
1	-1101.64	176.182	2616.25	-392.485	190.49	2787.39
1	-1094.32	181.139	2598.57	-394.221	189.985	2787.41
1	-1097.65	184.373	2601.39	-396.314	188.922	2768.74
1	-1101.65	185.555	2605	-394.05	193.957	2770.91
1	-1105.3	187.614	2607.57	-394.265	199.206	2780.44
1	-1105.16	189.695	2605.3	-386.967	203.503	2789.54
1	-1107.58	193.008	2602.07	-386.245	210.201	2796.22
1	-1114.15	188.524	2603.36	-383.728	213.757	2798.48
1	-1112.09	195.063	2602.39	-381.2	218.661	2783.51
1	-1108.8	200.178	2604.04	-388.647	228.692	2797.93
1	-1111.46	201.983	2599.13	-389.136	224.35	2790.9
1	-1111.35	205.756	2599.55	-390.01	218.212	2791.32
1	-1109.73	207.524	2591.34	-410.375	193.137	2787.04
1	-1110.53	199.221	2601.23	-415.086	185.237	2775.3
1	-1114.04	194.613	2611.34	-413.41	180.229	2769.87
1	-1108.3	201.069	2608.84	-406.99	169.536	2759.08
1	-1112.87	197.119	2611.51	-388.994	203.927	2760.16
1	-1107.67	194.273	2601.11	-391.834	198.099	2765.38
1	-1104.23	194.931	2596.77	-396.688	194.69	2765.76
1	-1109.49	188.644	2609.83	-399.615	192.28	2769.15
1	-1101.79	181.845	2597.46	-400.82	190.614	2786.6
1	-1103.04	177.578	2600.25	-400.066	185.004	2791.58
1	-1103.12	175.488	2614.29	-399.162	182.976	2792.99
1	-1099.8	177.378	2609.17	-400.132	179.83	2791.28
1	-1097.73	172.998	2605.36	-403.775	164.178	2778.39
1	-1097.24	165.77	2617.22	-407.945	158.029	2788.33
1	-1092.06	154.159	2604.22	-406.567	155.613	2778.65
1	-1092.26	146.564	2608.76	-414.343	145.543	2786.41
1	-1089.41	141.864	2617.26	-411.985	134.534	2762.74
1	-1088.65	141.407	2616.61	-421.508	128.868	2765.66
1	-1092.12	139.84	2633.41	-424.613	127.835	2785.82
1	-1089.84	121.931	2626.64	-418.991	124.63	2768.86
1	-1085.01	112.695	2616.72	-425.46	120.576	2778.87
1	-1078.22	105.395	2608.81	-422.048	117.374	2775.1
1	-1080.29	101.91	2619.45	-427.174	118.127	2769.81
1	-1082.8	96.0214	2621.83	-436.717	102.841	2782.59
1	-1078.25	92.7566	2616.01	-434.86	96.2063	2774.69
1	-1074.79	87.0068	2602.36	-444.248	72.0033	2760.08
1	-1067.86	85.5588	2590.29	-435.774	79.2027	2747.87
1	-1077.06	82.6998	2605.94	-429.766	75.3958	2745.56
1	-1068.37	77.5901	2597.03	-429.776	73.2131	2745.74
1	-1072.17	74.7746	2597.17	-431.06	65.9901	2753.53
1	-1072.89	72.57	2599.04	-436.801	58.256	2750.73
1	-1067.26	64.5626	2597.01	-448.194	26.3774	2739.7
1	-1070.67	54.9189	2607.47	-437.179	25.2677	2742.58
1	-1071.4	48.0532	2602.93	-434.609	39.6362	2743.9
1	-1069.47	41.5834	2591.78	-426.623	35.3624	2741.53