GRT_LABELLED_CLASSIFICATION_DATA_FILE_V1.0
DatasetName: both-hand-static-gesture
InfoText: Gesture Recognition For Human-Robot Interaction by Aravinth Panchadcharam <me@aravinth.info>
NumDimensions: 6
TotalNumExamples: 600
NumberOfClasses: 1
ClassIDsAndCounters: 
1	600	NOT_SET
UseExternalRanges: 0
Data:
1   352.667 -17.9851    2801.62 1009.65 31.4306 2840.77
1   340.873 5.08823 2802.6  998.699 25.9202 2843.82
1   339.835 9.63885 2807.96 998.586 33.0662 2831.93
1   338.193 10.5534 2809.68 998.547 38.8192 2823.26
1   334.68  10.1101 2806.47 997.117 31.8262 2827.26
1   335.352 12.0412 2809.03 1000.04 37.2625 2831.31
1   331.749 15.6424 2809.12 1004.52 30.3187 2836.02
1   340.318 14.0899 2815.18 1004.36 40.9729 2834.82
1   333.402 11.0643 2810.1  1002.54 42.8454 2833.52
1   337.906 12.435  2809.08 999.225 28.5803 2860.46
1   336.969 16.7969 2813.87 1003.74 33.205  2860.22
1   333.175 17.6046 2812.49 1008.08 35.873  2855.31
1   334.656 13.2528 2805.13 1006.28 28.8181 2861.87
1   332.907 12.8134 2803.83 1009.39 34.8949 2862.4
1   337.825 12.1217 2814.09 1006.29 38.8191 2858.71
1   332.915 14.8049 2805.36 999.467 35.2758 2852.84
1   337.579 13.3564 2808.64 1006.65 30.2097 2864.44
1   336.926 11.5773 2804.8  1012.05 42.3047 2867.41
1   335.474 16.5253 2803.48 1013.48 41.363  2862.4
1   336.718 22.8423 2807.25 1010.44 42.4618 2856.96
1   335.236 29.248  2806.31 1001.13 46.8    2841.53
1   325.564 51.367  2799.85 1010.74 53.9833 2861.47
1   324.921 60.2724 2803.47 1011.69 75.5571 2853.68
1   317.268 74.2154 2798.44 1016.14 96.8715 2849.57
1   313.174 86.2482 2801.17 1016.45 111.077 2861.41
1   316.777 106.197 2796.76 1009.62 108.674 2870.95
1   315.17  119.952 2793.02 1032.34 154.534 2890.15
1   314.042 152.447 2807.48 1030.12 161.016 2882.16
1   305.777 169.388 2809.22 1020.4  187.079 2873.19
1   303.99  189.231 2810.28 1036.13 192.558 2901.18
1   304.295 187.322 2795.56 1028.11 197.945 2883.91
1   302.595 208.03  2795.7  1033.09 215.954 2886.51
1   294.315 240.032 2818.58 1032.6  227.769 2879.18
1   287.191 257.865 2814.73 1045.2  245.211 2898.58
1   287.109 263.157 2799.22 1037.69 253.043 2904.52
1   286.452 278.5   2808.21 1023.46 256.236 2880.87
1   289.171 288.856 2820.21 1029.69 252.139 2897.05
1   281.539 314.142 2828.48 1053.23 283.64  2923.87
1   281.268 315.772 2832.75 1070.59 318.526 2958.98
1   280.298 324.262 2839.17 1042.61 306.626 2942.88
1   282.082 333.256 2844.75 1039.36 287.624 2907.74
1   280.012 337.551 2844.04 1039.51 289.175 2895.16
1   278.156 344.259 2845.03 1040    289.917 2903.84
1   278.764 349.792 2851.36 1036.62 306.768 2907.32
1   271.911 350.214 2837.06 1046.82 293.21  2921.54
1   271.079 353.963 2843.52 1044.79 295.753 2911.99
1   272.45  344.846 2838.07 1043.48 284.486 2892.47
1   278.89  347.041 2851.54 1036.15 296.554 2903.72
1   280.698 347.404 2851.53 1053.8  326.482 2921.84
1   274.404 335.684 2860.92 1049.3  288.845 2911.77
1   272.102 329.812 2850.23 1053.26 284.162 2911.22
1   271.483 319.795 2869.23 1054.71 282.751 2918.45
1   271.585 304.799 2866.49 1044.65 249.506 2897.09
1   273.155 297.564 2863.96 1046.83 261.158 2902.64
1   274.434 275.785 2873.44 1052.53 236.605 2909.93
1   272.749 268.797 2877.36 1045.81 230.067 2896.84
1   267.565 243.849 2868.84 1051.73 227.293 2905.44
1   268.753 233.929 2872.8  1040.79 203.033 2886.76
1   268.825 211.475 2852.87 1047.86 198.041 2887.09
1   271.046 192.949 2869.15 1047.34 181.243 2901.73
1   265.437 172.618 2862.63 1046.08 178.042 2898.03
1   262.108 159.366 2849.99 1033.88 131.741 2885.88
1   267.793 149.337 2853.91 1031.51 120.96  2884.72
1   278.231 125.729 2864.27 1026.53 125.068 2890.03
1   286.833 101.372 2855.9  1025.44 109.466 2879.72
1   289.164 90.6913 2852.45 1029.52 101.833 2892.51
1   298.153 78.955  2859.5  1018.89 97.4105 2877.58
1   296.83  76.3704 2857.49 1026.68 90.7163 2895.41
1   301.976 56.4605 2837.53 1008.65 64.2058 2853.67
1   295.255 42.8538 2835.91 994.352 36.1565 2859.09
1   296.559 24.1057 2833.88 984.08  33.75   2859.15
1   321.912 -5.5298 2841.41 987.472 24.9965 2862.36
1   330.138 -7.45385    2832.55 988.437 23.0451 2867.07
1   321.678 10.0034 2824.64 977.592 7.43917 2866.81
1   317.507 16.0434 2823.41 976.688 11.9863 2855.26
1   325.669 13.4511 2837.2  971.76  -3.2079 2853.72
1   341.691 -18.8135    2835.38 961.169 -20.2728    2861.62
1   327.339 1.64813 2815.27 959.2   -20.5408    2857.53
1   324.456 -6.8042 2796.28 966.557 -10.1376    2852.08
1   323.914 -8.49306    2800.57 966.349 -18.3373    2841.29
1   335.931 -27.5109    2823.58 979.054 -14.5058    2855.99
1   345.316 -38.684 2826.04 981.645 -10.5893    2878.4
1   337.336 -27.1307    2812.73 1004.68 -11.0341    2911.86
1   328.593 -15.3761    2801.51 986.811 -3.69056    2878.36
1   326.102 -9.8093 2790.98 997.744 -7.05299    2881.79
1   327.256 -8.84581    2794.91 993.02  -4.41775    2875.66
1   325.166 -3.46872    2817.39 980.45  -3.92774    2840.93
1   330.551 5.62454 2805.47 982.05  8.96807 2853.15
1   331.495 -15.9072    2812.51 994.871 18.1534 2856.36
1   305.249 -0.371965   2814.43 1009.44 36.1507 2868.84
1   297.443 39.5996 2804.08 999.387 34.6861 2861.76
1   291.098 60.5724 2814.43 1009.65 41.7251 2883.35
1   292.271 64.0371 2813.18 1013.5  61.129  2873.71
1   288.974 81.5892 2813.79 1016.11 81.1167 2864.47
1   284.216 92.5542 2806.11 1024.91 97.7356 2884.54
1   282.746 108.509 2818.26 1024.04 101.096 2884.89
1   274.324 124.348 2815.9  1022.73 114.519 2876.34
1   265.392 139.385 2817.02 1015.73 119.953 2875.85
1   258.62  150.16  2821.18 1023.09 118.634 2881.66
1   253.844 162.445 2833.23 1034.98 155.382 2885.06
1   258.42  161.216 2820.62 1040.23 180.023 2880.95
1   255.295 187.887 2824.2  1041.83 169.755 2896.49
1   257.003 200.11  2845.63 1041.41 189.836 2888.63
1   246.25  204.601 2839.21 1050.51 202.043 2911.83
1   240.081 224.521 2843.43 1057.63 225.401 2909.37
1   238.744 231.056 2848.85 1055.95 236.597 2914.49
1   238.109 238.62  2844.88 1052.97 238.091 2897.52
1   236.07  250.113 2865.92 1061.34 233.356 2922.43
1   234.789 266.014 2861.85 1063.45 260.832 2928.14
1   231.796 282.673 2876.8  1049.37 264.52  2906.63
1   229.287 288.814 2866.25 1058.97 270.546 2900.53
1   228.286 307.077 2878.87 1040.16 264.584 2897.15
1   229.034 310.429 2882.62 1043.93 270.75  2899.66
1   226.487 309.65  2891.77 1044.89 277.678 2904.41
1   229.69  296.035 2875.59 1047.05 278.788 2905.39
1   227.152 300.24  2871.69 1038.98 264.92  2892.18
1   231.478 296.082 2878.99 1040.51 275.403 2887.3
1   237.371 300.946 2876.42 1052.67 272.422 2905.44
1   235.557 301.165 2880.69 1058.19 266.387 2910.99
1   247.326 294.651 2880.17 1056.83 259.104 2915.39
1   258.954 283.854 2881.49 1053.37 233.382 2901.64
1   264.447 271.082 2879.41 1050.86 232.129 2901.46
1   271.295 254.353 2877.07 1042.41 225.762 2883.73
1   280.032 239.878 2886.53 1055.84 239.816 2911.83
1   286.513 224.641 2888.49 1045.57 206.16  2894.82
1   292.764 198.708 2879.97 1049.7  193.335 2897.63
1   295.596 192.525 2871.67 1046.09 181.238 2889.6
1   297.014 166.137 2869.76 1043.06 163.565 2892.05
1   305.404 147.635 2852.95 1040.57 150.1   2889
1   312.659 117.716 2861.39 1039.32 144.421 2887.41
1   322.907 126.939 2868.55 1030.59 141.51  2880.67
1   327.531 130.515 2860.19 1010.8  136.673 2872.29
1   332.972 120.24  2880.21 1009.86 115.763 2880.09
1   330.667 116.868 2867.05 1002.79 98.2423 2877.04
1   333.513 105.126 2883.97 991.744 85.9973 2865.57
1   330.961 106.433 2862.06 994.055 70.8328 2876.09
1   344.514 89.7506 2872.72 995.835 61.6792 2868.59
1   347.21  70.1164 2869.47 991.513 46.3157 2878.65
1   346.003 14.4188 2821.09 985.707 33.6506 2867.5
1   353.412 19.5912 2844.28 968.365 25.0175 2851.39
1   357.986 21.7605 2839.66 964.537 9.86111 2844.61
1   353.672 17.7323 2841.77 963.297 19.4294 2845.76
1   350.8   9.9707  2835.05 965.271 11.4917 2841.77
1   359.662 -34.3452    2815.45 970.076 14.671  2850.9
1   363.281 3.23236 2805.64 966.035 -7.30432    2841.57
1   372.166 -12.5772    2822.43 967.533 -8.07197    2850.07
1   366.935 -11.4864    2827.51 953.603 -25.6385    2835.26
1   371.493 -15.1882    2805.18 955.915 -20.4807    2819.66
1   367.767 -18.4685    2797.51 969.84  -6.4153 2836.95
1   371.501 -12.1009    2795.63 958.42  -16.4191    2838.79
1   364.842 -9.35263    2799.75 955.097 -7.59789    2843.97
1   363.777 -11.406 2802.99 968.888 5.05283 2847.9
1   360.803 -7.54689    2792.72 964.184 14.3479 2839.12
1   361.858 -24.9564    2806.74 967.151 10.953  2848.85
1   350.949 -8.23837    2803.45 961.759 14.7135 2824.62
1   348.06  7.13093 2802.32 976.244 25.3123 2852.59
1   333.468 29.5229 2808.09 977.845 46.0049 2842.74
1   326.128 38.266  2807.78 976.543 64.3083 2828.62
1   323.024 57.6988 2813.39 982.132 54.6709 2846.65
1   318.032 72.6687 2822.37 986.673 81.0688 2850.67
1   314.343 93.7188 2834.23 993.461 94.658  2856.2
1   308.398 114.928 2820.05 1000.52 113.887 2865.1
1   303.459 123.005 2826.42 1000.42 122.388 2864.13
1   295.916 115.56  2816.37 1006.37 121.028 2867.85
1   287.847 158.747 2826.43 1001.9  132.974 2873.42
1   276.124 160.676 2830.33 1008.14 153.237 2877.42
1   277.304 186.306 2841.88 1023.7  183.028 2889.67
1   268.659 197.618 2831.67 1023.64 192.832 2880.21
1   266.115 217.449 2835.04 1022.98 200.112 2872.5
1   258.887 226.885 2844.28 1022.21 202.426 2874.47
1   252.57  234.118 2842.79 1030.21 228.018 2879.39
1   253.897 243.125 2845.84 1027.36 239.357 2865.63
1   244.19  251.149 2858.77 1031.99 243.341 2878
1   242.865 252.031 2848.51 1028.56 242.941 2878.74
1   241.106 262.821 2846.62 1036.05 245.3   2884.71
1   242.51  266.637 2867.28 1029.99 251.467 2903.16
1   240.062 275.484 2864.91 1039.62 264.744 2890.18
1   240.082 288.35  2863    1041.04 277.476 2877.54
1   240.103 280.487 2864.69 1038.49 276.635 2890.69
1   238.185 290.299 2876.03 1036.48 269.971 2888.43
1   238.391 289.983 2867.24 1042.84 273.691 2888.67
1   235.952 294.022 2866.61 1037.77 269.604 2882.53
1   242.877 276.687 2868.29 1047.1  281.663 2891.28
1   243.86  273.372 2858.36 1044.73 282.025 2889.56
1   246.139 289.461 2881.47 1031.3  250.617 2891.85
1   244.405 285.513 2872.04 1040.49 264.971 2884.4
1   252.54  279.228 2866.39 1053.74 264.486 2894.95
1   257.776 263.203 2864.2  1049.73 237.347 2886.61
1   263.349 257.329 2852.29 1035.63 226.351 2866.17
1   258.522 237.242 2848.94 1045.19 226.62  2884.04
1   275.463 206.061 2857.04 1043.72 215.919 2870.98
1   276.337 194.702 2852.4  1043.49 191.456 2875.72
1   275.078 177.112 2845.34 1035.93 184.584 2865.16
1   281.906 179.892 2847.08 1041.24 173.905 2869.41
1   290.619 177.243 2848.64 1030.3  166.658 2859.7
1   289.371 161.056 2826.14 1027.33 153.458 2860.83
1   287.352 143.006 2829.48 1018.52 117.114 2848.26
1   295.302 128.724 2828.24 1014.38 115.796 2849.68
1   301.944 120.869 2841.59 1013.47 113.138 2848.39
1   302.612 96.9157 2815.72 1012.01 113.578 2845.58
1   302.113 87.951  2820.36 1012.29 95.1756 2841.49
1   311.121 76.1452 2807.88 1025.79 77.8177 2857.23
1   317.831 68.4621 2817.47 1011.64 63.9791 2834.21
1   323.558 58.5061 2807.13 1006.76 38.6326 2853.84
1   326.246 34.2436 2818.3  997.3   35.1675 2837.84
1   326.651 23.7215 2811.57 1004.69 35.1379 2846.32
1   326.198 17.8017 2809.05 1010.71 31.0212 2868.79
1   331.697 13.1586 2808.57 995.464 26.8255 2833.33
1   332.004 9.62401 2802.3  984.523 8.55637 2810.76
1   329.632 3.154   2799.3  1000.23 -2.79877    2837.41
1   330.282 -10.613 2799.85 992.37  -13.374 2803.12
1   328.544 -25.255 2804.07 989.443 -25.9658    2821.79
1   331.104 -41.0633    2801.55 989.06  -41.1704    2805.96
1   328.558 -43.4474    2790.14 976.557 -23.1797    2755.84
1   328.144 -41.0737    2790.76 978.214 -35.47  2778.71
1   328.583 -39.4629    2789.02 976.327 -49.6122    2772.33
1   329.327 -38.9632    2790.13 971.072 -35.9587    2764.08
1   324.773 -42.7951    2787.86 1003.13 -31.1921    2826.8
1   330.641 -46.5359    2791.13 1000.07 -30.4903    2827.42
1   336.669 -43.5893    2791.04 982.949 -31.9176    2795.84
1   333.358 -40.0159    2788.03 983.229 -14.1289    2795.51
1   325.163 -31.2853    2782.65 991.584 -5.05521    2823.57
1   323.4   -22.2316    2783.69 981.941 1.29386 2793.39
1   316.367 0.348197    2796.49 983.638 22.1418 2815.12
1   315.142 11.4093 2794.17 1001.45 34.4482 2839.07
1   311.909 24.0775 2787.11 987.507 31.116  2816.04
1   311.718 36.0627 2802.16 990.978 42.5203 2835.01
1   310.41  53.4196 2805.55 999.491 64.2066 2841.52
1   304.592 76.3498 2811.09 1004    93.4617 2847.85
1   297.159 80.8945 2819.98 997.1   102.587 2839.87
1   297.057 88.19   2825.59 1005.72 104.245 2852.33
1   293.191 109.896 2826.45 1003.04 108.379 2852.3
1   285.578 131.84  2822.62 1005.54 115.426 2846.39
1   279.515 141.164 2823.56 1007.39 121.228 2852.59
1   273.596 155.838 2837.8  1027.41 161.955 2880.32
1   263.215 174.733 2845.96 1023.96 162.315 2863.26
1   256.473 173.014 2814.36 1035.66 177.335 2862.94
1   253.5   186.733 2824.84 1025.45 179.885 2854.24
1   243.252 191.098 2832.2  1032.22 186.838 2857.36
1   237.872 206.624 2826.89 1033.42 198.045 2863.47
1   230.758 215.961 2819.77 1043.5  211.935 2874.56
1   230.112 230.511 2838.19 1048.88 239.722 2883.61
1   225.113 246.098 2846.18 1047.26 234.963 2879.32
1   215.258 244.094 2822.89 1040.26 233.679 2875.88
1   214.876 254.547 2826.4  1039.19 232.472 2877.2
1   209.417 267.92  2814.94 1036.41 232.629 2874.24
1   207.06  277.287 2830.77 1051.26 243.478 2877.27
1   204.494 281.757 2833.4  1065.16 267.466 2906.12
1   204.472 278.821 2828.53 1053.57 259.514 2887.87
1   206.248 284.007 2843.85 1047.13 263.572 2883.78
1   206.915 290.744 2845.33 1052.86 247.925 2886.55
1   207.249 286.722 2839.74 1049.84 244.214 2883.16
1   206.903 286.856 2846.15 1042.38 242.607 2874.72
1   206.346 286.045 2848.09 1032.36 240.752 2868.97
1   211.509 284.574 2869.24 1038    239.471 2868.28
1   211.747 276.401 2868.58 1038.16 242.708 2872.77
1   218.132 266.036 2864.73 1033.7  227.767 2866.74
1   223.963 253.268 2872.01 1048.6  223.415 2892.21
1   232.71  234.499 2867.16 1037.98 209.461 2866.56
1   234.91  208.363 2845.27 1038.34 200.836 2863.62
1   239.761 191.14  2846.26 1032.57 191.01  2865.53
1   249.443 188.833 2839.2  1038.42 186.134 2867.16
1   255.399 170.566 2841.9  1025.89 140.421 2865.39
1   261.398 167.771 2849.59 1028.86 134.381 2855.39
1   272.682 149.028 2843.63 1033.24 131.21  2867.03
1   272.461 126.184 2826.23 1033.58 138.962 2870.48
1   279.066 102.624 2816.81 1026.61 114.857 2856.03
1   292.192 94.3142 2833.06 1024.67 103.367 2853.36
1   291.577 85.1265 2812.11 1019.15 83.7773 2833.16
1   294.859 69.8722 2824.35 1014.95 70.6615 2818.1
1   302.806 71.2508 2815.65 1022.76 51.1612 2842.41
1   307.753 48.9982 2797.86 1003.65 31.8104 2831.23
1   304.966 45.0887 2803.13 1014.62 24.3571 2839.17
1   312.464 33.8331 2813.4  993.591 -0.80641    2797.14
1   313.604 24.3832 2817.78 988.105 -14.4119    2808.17
1   313.377 13.925  2813.78 993.31  -8.08288    2810.2
1   316.916 -10.5278    2806.99 1009.03 -3.15267    2814.77
1   318.823 -14.2322    2808.37 989.415 -11.3152    2783.59
1   318.108 -19.261 2814    1003.37 -17.2711    2793.39
1   318.399 -26.3402    2804.54 995.633 -30.0905    2813.43
1   323.455 -31.2402    2829.56 1002.6  -30.3086    2830.95
1   328.158 -37.7461    2813.67 994.286 -22.3746    2787.68
1   332.348 -42.2767    2803.63 998.594 -48.893 2779.59
1   331.284 -43.0376    2805.55 997.364 -37.7411    2807.65
1   328.538 -45.6047    2805    995.803 -35.5469    2820.58
1   334.833 -51.7455    2805.84 1007.79 -21.7772    2838.88
1   329.337 -39.9535    2803.56 996.914 -27.5099    2809.78
1   323.108 -32.3127    2810.14 997.352 -14.2955    2781.8
1   316.8   -17.385 2796.13 1015.8  -11.9733    2831.12
1   318.235 -5.06538    2807.98 1001.19 -13.6478    2825.89
1   319.433 -5.63136    2829    998.477 -11.3476    2831.94
1   315.873 14.9404 2818.49 1000.51 7.85322 2817.84
1   314.216 12.0443 2812.93 998.239 17.4434 2821.28
1   320.09  -10.9494    2834.45 1011.93 36.204  2846.15
1   299.381 31.5995 2822.79 1012.41 43.0977 2843
1   294.311 46.9807 2834.82 1021.32 62.6602 2865.81
1   295.334 61.1766 2829    1007.64 60.9926 2858.26
1   298.471 71.1704 2854.78 1009.02 79.0741 2864.64
1   289.424 83.9988 2836.9  1018.66 97.3683 2889.33
1   282.37  91.0986 2842.36 1012.7  102.024 2861.8
1   271.619 98.0879 2832.67 1003.51 107.256 2877.66
1   272.764 120.547 2842.95 1014.1  115.06  2894.89
1   263.369 145.78  2863.33 1029.39 137.18  2896.07
1   263.811 150.225 2860.32 1016.8  142.639 2873.01
1   257.192 151.205 2851.61 1011.2  132.995 2871.45
1   248.541 156.76  2848.72 1015    163.766 2888.46
1   246.85  174.66  2867.85 1021.24 183.872 2882.32
1   240.091 195.7   2875.08 1029.37 177.069 2899.57
1   237.534 205.88  2874.75 1038.06 199.481 2910.92
1   231.197 219.935 2874.64 1031.15 199.387 2900.56
1   228.239 231.601 2894.19 1027.79 202.149 2881.5
1   235.425 227.091 2877.11 1046.63 223.463 2927.07
1   229.523 242.851 2880.66 1044.35 235.736 2901.18
1   227.248 262.045 2899.88 1044.87 249.012 2901.66
1   230.51  243.577 2884.16 1049.94 246.07  2911.41
1   224.409 264.555 2890.18 1044.26 254.937 2912.58
1   227.34  254.083 2892.7  1039.67 240.538 2905.62
1   226.093 279.105 2894.18 1043.85 243.344 2912.69
1   229.148 277.533 2903.72 1042.45 250.504 2900.34
1   228.251 274.809 2897.59 1050.55 256.358 2902.66
1   234.176 267.396 2907.02 1049.9  252.472 2903.26
1   238.394 255.692 2891.75 1043.4  243.179 2905.79
1   238.448 241.93  2901.86 1040.54 220.012 2906.93
1   241.604 242.603 2894.83 1037.19 206.132 2907.61
1   249.037 235.133 2907.79 1045.72 211.829 2921.76
1   255.812 223.894 2905.25 1042.2  205.724 2910.58
1   258.46  206.128 2895.03 1046.86 188.671 2923.23
1   257.321 193.177 2891.45 1040.39 176.586 2911.61
1   261.89  176.45  2892.93 1033.84 166.293 2919.42
1   262.867 163.854 2888.52 1016.57 129.426 2894.27
1   271.454 148.935 2896.61 1016.89 128.168 2898.14
1   274.38  145.396 2891.53 1011.01 124.145 2899.05
1   271.457 132.714 2872.1  1018.85 124.652 2899.37
1   281.287 105.709 2884.83 1007.8  107.858 2894.87
1   277.688 91.9207 2876.91 1008.82 104.047 2900.76
1   279.234 82.3133 2875.87 1020.28 90.0562 2908.39
1   277.758 75.2331 2882.51 1029.63 81.0492 2914.16
1   281.948 63.8985 2894.39 1003.24 37.7587 2878.66
1   278.409 27.3665 2890.3  1022.09 51.623  2903.17
1   281.947 33.6835 2875.26 1007.44 40.2366 2881.57
1   275.013 25.6978 2895.94 1019.97 36.8524 2889.49
1   288.155 -7.91186    2872.61 1011.97 25.8112 2884.35
1   294.971 -22.8161    2882.73 1014.48 15.8929 2887.86
1   298.868 -15.6322    2886.24 1032.65 8.03941 2888.03
1   303.738 -14.5819    2872.01 1024.53 -7.46349    2871.09
1   298.66  -13.6007    2874.65 1023.93 -1.35301    2851.42
1   299.745 -25.8279    2861.84 1027.26 -10.8055    2869.75
1   302.204 -33.6362    2864.86 1025.81 -29.4456    2841.14
1   296.8   -40.0179    2839.23 1040.61 -19.3132    2866.43
1   300.006 -67.8962    2818.64 1043.86 -21.2326    2881.16
1   311.864 -76.7937    2815.28 1040.29 -14.6375    2876.66
1   311.178 -77.9277    2828.6  1035.37 -14.9961    2867.05
1   308.624 -78.8872    2835.3  1029.16 -14.8853    2861.33
1   297.956 -34.2287    2839.46 1035.32 -14.7615    2859.65
1   304.326 -30.0718    2841.47 1022.35 -7.47077    2863.05
1   297.528 -26.6834    2843.14 1020.23 0.194337    2833.04
1   293.633 -14.5207    2836.18 1020.88 2.95024 2850.78
1   293.365 -5.40022    2840.66 1014.98 26.6351 2848.45
1   291.618 2.11347 2856.01 1026.75 29.4017 2857.44
1   284.97  13.4206 2848.96 1018.53 30.5887 2869.34
1   291.655 22.9742 2857.93 1027.03 48.915  2871.35
1   279.499 35.108  2841.72 1026.91 68.3765 2865.74
1   282.098 63.6573 2855.81 1028.18 87.8009 2865.33
1   282.903 75.2052 2832.32 1023.02 91.4663 2888.28
1   284.255 86.7202 2842.83 1036.33 101.766 2896
1   277.848 101.257 2840.97 1026.98 105.217 2887.67
1   281.409 93.7429 2843.73 1026.35 128.287 2878.71
1   277.111 107.467 2841.54 1028.98 117.926 2897.41
1   269.938 147.831 2879.28 1024.85 120.433 2891.21
1   262.769 149.777 2858.59 1038.98 160.931 2904.09
1   264.102 163.534 2865.61 1030.64 160.018 2886.95
1   255.544 167.29  2860.57 1031.13 181.186 2898.91
1   259.578 200.189 2892.49 1037.18 191.135 2911.19
1   255.14  185.186 2878.88 1041.96 197.681 2918.36
1   248.295 217.495 2896.68 1041.6  204.975 2925.01
1   256.144 218.526 2905.03 1035.16 206.05  2902.34
1   251.05  231.717 2914.21 1037.62 212.036 2913.06
1   250.298 216.756 2892.42 1039.82 224.957 2916.99
1   241.144 241.146 2872    1041.19 228.652 2919.67
1   240.742 247.441 2890.48 1044.13 230.779 2926.56
1   252.195 250.78  2907.81 1047.23 233.439 2920.37
1   249.469 255.137 2908.01 1049.84 245.889 2925.14
1   248.959 262.031 2898.45 1054.63 259.453 2945.84
1   251.956 272.548 2913.36 1056.16 242.507 2940.24
1   248.724 267.753 2919.81 1060.98 244.081 2951.93
1   254.983 262.119 2918.98 1055.86 247.194 2937.97
1   253.308 253.832 2903.86 1059.29 259.292 2934.3
1   252.871 256.103 2915.28 1064.99 243.633 2945.8
1   253.957 238.896 2906.44 1049.29 225.679 2940.04
1   257.715 226.218 2897.24 1047.21 235.531 2903.12
1   250.797 220.302 2900.24 1053.67 221.884 2923.1
1   267.767 192.038 2892.35 1060.33 209.409 2928.71
1   266.98  191.526 2898.36 1057.06 194.928 2907.97
1   270.659 179.344 2892.15 1051.2  181.43  2892.97
1   273.854 169.535 2888.55 1046.4  182.04  2886.61
1   277.308 167.234 2891.44 1044.63 174.47  2891.81
1   274.822 155.011 2877.96 1033.89 127.332 2883.63
1   275.703 141.218 2882.64 1034.78 114.396 2891.38
1   279.843 136.397 2876.41 1029.8  117.245 2885.48
1   283.954 119.568 2856.77 1035.76 129.129 2884.42
1   290.714 106.765 2871.92 1032.52 118.068 2907.03
1   290.716 91.4707 2857.96 1043    105.361 2901
1   285.232 79.105  2867.26 1018.51 77.71   2895.52
1   292.761 76.5238 2863.54 1027.49 77.7523 2872.6
1   303.411 34.4385 2848.75 1031.39 67.992  2868.61
1   303.621 26.8997 2861.59 1032.4  57.0022 2861.3
1   304.76  34.9141 2851.44 1023.35 40.7357 2874.61
1   302.671 38.8939 2859.38 1018.29 10.6387 2861.05
1   309.768 35.1767 2857.49 1019.44 28.8517 2859.16
1   304.478 26.6889 2854.14 1004.99 -1.67623    2850.5
1   305.532 17.9747 2854.35 1010.49 -0.949031   2849.22
1   306.098 9.71601 2860.1  1007.68 11.55   2828
1   309.627 3.74376 2852.89 1014.89 -6.39633    2838.54
1   312.815 -13.4471    2849.65 1024.37 -10.9369    2868.97
1   316.077 -21.2784    2859.48 1015.65 -16.1125    2824.57
1   321.186 -25.5977    2863.49 1032.28 -19.3106    2852
1   311.647 -16.5596    2846.9  1019.01 -57.2249    2827.72
1   317.798 -19.4144    2851.63 1019.52 -30.5485    2798.31
1   309.236 -21.2885    2851.43 1024.84 -19.2265    2818.93
1   322.661 -26.1486    2857.73 1036.67 -22.8058    2836.14
1   314.064 -14.5417    2872.84 1034.87 -22.3397    2860.12
1   310.848 -14.1477    2835.6  1018.21 -20.3262    2847.79
1   316.475 0.977629    2842.83 1022.89 -7.88364    2853.35
1   312.069 13.9886 2865.37 1034.76 2.36336 2849.41
1   309.138 15.2952 2856.07 1029.54 1.96759 2851.67
1   308.043 20.3327 2837.12 1022.98 3.02338 2848.48
1   307.842 34.8984 2853.5  1027.76 27.7799 2860.83
1   304.018 39.4955 2851.75 1028.85 42.5803 2846.32
1   301.125 43.8061 2841.07 1017.83 32.5705 2854.59
1   285.841 29.9973 2835.95 1043.95 74.2903 2871.13
1   278.968 74.5777 2832.7  1045.75 77.8986 2879.42
1   281.73  91.3301 2839.67 1036.65 88.76   2868.48
1   263.705 111.485 2864.6  1047.62 106.348 2871.02
1   259.146 110.431 2839.43 1043.27 94.512  2884.24
1   254.069 114.812 2845.2  1038.82 97.0693 2878.97
1   258.359 102.777 2835.74 1044.19 112.881 2879.2
1   244.298 132.732 2830.08 1041.08 127.781 2884.35
1   247.093 132.703 2834.2  1057.24 156.129 2893.89
1   235.352 140.952 2826.91 1051.85 170.315 2887.97
1   225.722 163.762 2835.21 1045.44 147.495 2893.3
1   231.22  165.86  2857.23 1067.28 189.36  2918.84
1   220.543 185.398 2852.77 1062.08 200.163 2923.8
1   219.73  199.465 2857.99 1051.49 200.414 2899.72
1   216.388 209.752 2871.49 1069.91 217.08  2924.49
1   217.394 222.691 2881.19 1067.81 227.863 2915.89
1   217.339 223.671 2885.25 1066.38 216.569 2926.22
1   218.311 238.739 2890.34 1074.6  244.672 2952.42
1   211.935 243.261 2891.51 1062.99 243.159 2932.13
1   214.489 254.349 2894.5  1054.61 244.601 2923.16
1   211.873 260.968 2872.98 1055.57 241.682 2917.6
1   207.022 264.369 2891.07 1055.88 228.307 2926.72
1   204.636 279.404 2889.97 1055.35 251.424 2937.8
1   205.258 278.68  2893.95 1065.53 239.085 2915.82
1   205.733 280.081 2901.74 1074.18 241.871 2931.72
1   203.029 300.118 2888.71 1061.52 227.357 2914.84
1   203.553 306.378 2882.34 1059.63 230.312 2916.96
1   207.989 300.436 2893.28 1057.17 233.49  2916.7
1   211.647 293.526 2896.58 1063.42 248.041 2921.76
1   218.987 281.746 2897.28 1069.7  256.69  2917.62
1   221.73  273.296 2896.43 1063.44 245.132 2908.11
1   225.683 266.403 2898.64 1067.89 244.303 2915.87
1   222.783 248.683 2876.57 1078.47 250 2930.68
1   233.402 224.932 2878.22 1070.43 240.236 2923.91
1   233.94  227.778 2894.35 1060.6  219.748 2924.46
1   237.485 208.27  2888.15 1058.35 211.861 2899.28
1   236.562 201.595 2868.53 1047.4  196.952 2882.98
1   233.125 199.157 2862.93 1043.44 188.806 2895.47
1   233.04  191.181 2863.49 1044.99 187.345 2893.69
1   236.947 183.837 2881.16 1052.8  187.315 2897.68
1   246.025 180.996 2887.82 1056.31 183.425 2905.03
1   248.766 134.206 2839.33 1037.53 139.965 2892.24
1   249.667 114.319 2840.82 1038.28 139.269 2865.26
1   258.348 98.6137 2841.36 1040.96 129.156 2888.65
1   262.558 87.3581 2843.98 1031.3  135.868 2881.43
1   272.162 57.813  2832.18 1023.14 118.541 2877.48
1   268.013 67.1289 2831.66 1031.87 97.9772 2893.42
1   268.575 61.8656 2825.91 1026.64 90.857  2885.8
1   275.012 59.6895 2823.04 1011.27 53.2988 2861.74
1   275.865 67.6505 2871.39 1033.1  79.4052 2890.48
1   268.935 33.9776 2860.88 1034.37 53.5994 2861.42
1   297.331 31.194  2846.31 1026.32 36.5659 2873.16
1   297.18  24.9348 2833.29 1017.2  27.3814 2841.72
1   310.617 18.1909 2831.9  1015.97 31.1859 2822.67
1   313.467 6.79664 2831.81 1019.49 6.60827 2845.24
1   308.963 3.79695 2835.55 1016.28 -4.18514    2817.73
1   310.146 1.37071 2820.04 1007.85 -20.1489    2814.3
1   311.169 -15.4509    2809.34 1024.78 -18.5095    2817.81
1   310.659 -23.5322    2825.39 1014.6  -34.6003    2790.47
1   307 -27.5993    2814.7  1016.17 -29.7547    2806.19
1   306.893 -34.6345    2808.55 1009.01 -53.6826    2808.11
1   303.597 -35.8615    2797.68 1007.7  -60.6973    2803.18
1   301.867 -35.8176    2802.6  1014.28 -49.1576    2808.34
1   303.204 -31.9416    2804.86 1026.73 -33.9759    2834.61
1   298.874 -30.64  2810.02 1020.86 -28.3991    2813.99
1   297.668 -34.1317    2816.96 1030.45 -17.4142    2814.22
1   301.719 -30.4043    2817.45 1020.32 -13.1678    2815.57
1   293.2   -18.6668    2818.84 1009.8  -26.5381    2815.03
1   301.611 -35.9967    2812.6  1013.42 -2.25511    2814.4
1   283.976 1.56655 2813.1  1027.36 7.83072 2820.32
1   277.594 5.86647 2817.81 1012.23 -2.78756    2818.32
1   278.523 14.359  2827.11 1033.97 37.6871 2837.23
1   273.79  31.2557 2823    1044.38 59.9887 2844.72
1   273.13  42.0185 2821.79 1032.26 60.4548 2842.87
1   272.562 45.21   2812.72 1015.91 38.5823 2849.3
1   265.575 61.6845 2823.15 1041.47 79.1059 2851.55
1   259.435 73.535  2843.47 1044.61 86.0978 2861.6
1   252.194 88.4113 2841.02 1026.49 78.0844 2868.68
1   245.742 104.744 2853.94 1049.76 112.857 2849.88
1   239.08  106.846 2842.68 1051.25 125.047 2870.3
1   236.999 120.519 2834.04 1040.71 115.715 2876.31
1   244.352 113.305 2844.52 1038.56 117.356 2872.55
1   231.247 126.189 2835.91 1058.76 168.264 2898.04
1   229.688 163.167 2861.97 1054.6  164.685 2882.49
1   234.293 175.334 2876.91 1049.67 181.627 2872.92
1   224.792 172.187 2870.09 1055.06 197.44  2900.52
1   224.07  190.682 2865.66 1050.74 207.291 2895.78
1   220.618 205.169 2882.58 1064    209.017 2918.14
1   216.539 220.029 2911.51 1061.09 218.31  2915.43
1   223.465 231.963 2901.33 1061.79 220.13  2932.3
1   225.15  234.413 2897.93 1065.74 242.438 2924.09
1   232.389 236.884 2902.54 1060.48 246.412 2903.74
1   229.894 246.835 2895.18 1053.71 241.629 2909.66
1   229.201 261.399 2917.35 1063.29 234.233 2937.67
1   226.274 264.184 2912.71 1063.49 248.085 2908.83
1   231.672 265.318 2908.17 1063.88 260.318 2928.63
1   238.311 266.447 2908.3  1058.11 259.887 2924.55
1   237.98  268.68  2899.85 1057.53 262.707 2913.46
1   240.799 263.21  2905.3  1050.59 269.323 2913.59
1   243.149 276.273 2908.73 1041.54 264.755 2902.71
1   241.174 285.878 2913.9  1043.53 242.711 2899.38
1   247.059 287.384 2905.92 1044.12 239.806 2902.99
1   254.557 289.037 2901.5  1051.05 248.341 2932.39
1   254.339 276.528 2911.84 1040.42 249.573 2924.15
1   252.774 273.51  2901.39 1049.64 253.729 2945.22
1   260.566 271.247 2905.46 1050.82 243.672 2925.01
1   264.034 255.602 2897.3  1036.78 237.203 2894.22
1   269.401 241.723 2899.12 1043.96 227.154 2925.64
1   275.445 238.957 2886.13 1033.14 202.521 2901.98
1   284.152 225.979 2889.31 1035.14 203.5   2905.65
1   293.202 214.305 2887.93 1033.57 199.979 2906.96
1   294.919 204.527 2882.56 1038.67 198.298 2916.49
1   299.551 195.278 2869.22 1037.13 188.18  2913.39
1   305.812 175.674 2871.54 1034.09 173.156 2906.68
1   318.164 164.805 2846.76 1033.17 163.804 2903.35
1   322.233 159.57  2881.84 1023.13 141.913 2908.32
1   320.589 141.171 2854.97 1008.33 121.596 2879.87
1   325.256 136.103 2852.76 1014.14 122.358 2892.53
1   324.237 134.503 2839.7  1008.81 123.359 2878.37
1   336.781 126.476 2847.18 1010.95 120.67  2876.4
1   335.347 125.144 2842.12 1011.17 113.997 2895.16
1   340.387 111.172 2839.84 1010.57 107.298 2902.38
1   339.881 95.7117 2823.18 1006.11 99.9    2907.33
1   340.348 88.5824 2820.11 1015.8  85.377  2876.44
1   342.769 29.0689 2809.93 1006.68 63.687  2855.83
1   351.626 46.9028 2812.34 1009.97 47.9641 2868.32
1   352.419 52.8914 2804.87 1006.04 34.0881 2856.57
1   357.287 41.5041 2818.04 1009.78 36.6866 2859.33
1   357.289 32.833  2826.26 1003.54 12.7439 2833.38
1   358.32  27.6246 2806.49 1005.11 9.02013 2845.81
1   361.444 26.0402 2800.66 1011.63 9.5307  2846.24
1   362.659 24.029  2802.84 1006.57 7.66286 2840.98
1   364.292 20.7532 2808.82 1007.22 1.37187 2836.31
1   363.463 17.7233 2806.32 1003.51 -2.61102    2836.15
1   362.347 18.6156 2790.11 1010.4  9.55152 2834.95
1   367.545 18.0211 2794.42 999.816 8.23076 2832.05
1   367.076 23.9948 2797.45 1005.45 30.9281 2843.64
1   363.749 30.3624 2798.56 998.767 23.2778 2823.88
1   365.483 38.4407 2808.02 1006.85 32.4226 2832.86
1   361.126 52.5586 2794.72 1002.19 51.7335 2831.32
1   353.53  64.0922 2806.83 994.874 41.4792 2843.99
1   344.978 35.8114 2809.36 1001.84 45.5961 2855.03
1   340.694 75.927  2821.93 1015.08 66.6631 2849.33
1   329.381 87.3462 2808.25 1022.93 79.1037 2869.1
1   332.958 87.5689 2813.31 1013.56 98.3317 2846.2
1   327.55  105.659 2814.79 1019.08 108.266 2856.92
1   321.359 115.204 2825.53 1017.59 110.535 2864.51
1   318.662 102.806 2813.82 1014.77 113.393 2860.23
1   311.787 114.139 2813.55 1008.51 114.466 2859.06
1   310.433 150.098 2827.73 1028.8  152.403 2881.14
1   307.928 157.651 2830.21 1012.34 169.573 2867
1   299.403 172.732 2825.6  1010.31 158.332 2867.22
1   297.588 172.316 2819.26 1026.23 177.907 2874.04
1   293.157 181.118 2818.42 1019.9  190.013 2866.26
1   291.125 208.497 2842.59 1020.49 202.681 2883.39
1   291.324 217.35  2825.04 1019    213.668 2883.17
1   293.405 233.245 2847.97 1028.21 222.518 2892
1   289.344 244.254 2849.57 1017.12 219.184 2887.36
1   288.75  252.859 2844.24 1016.83 240.421 2880.75
1   289.971 256.277 2844.09 997.269 231.783 2869.55
1   288.976 270.005 2856.92 1007.24 238.423 2887.53
1   285.404 284.116 2842.43 1005.93 255.07  2892.57
1   285.046 288.402 2863.36 1005.68 255.421 2892.88
1   284.165 296.132 2843.56 1007.64 255.969 2887.49
1   286.668 299.959 2846.01 1014.92 274.892 2893
1   286.552 306.168 2857.34 1019.5  288.71  2907.14
1   287.399 292.748 2853.43 1020.94 277.376 2900.46
1   280.471 313.251 2855.27 1016.06 282.298 2911.83
1   282.201 309.399 2849.66 1013.37 261.455 2913.64
1   284.789 308.74  2842.82 1010.96 275.333 2905.73
1   283.55  295.611 2855.03 1013.22 254.483 2898.51
