GRT_LABELLED_CLASSIFICATION_DATA_FILE_V1.0
DatasetName: NOT_SET
InfoText: 
NumDimensions: 6
TotalNumTrainingExamples: 1162
NumberOfClasses: 2
ClassIDsAndCounters: 
1	583	NOT_SET
2	579	NOT_SET
UseExternalRanges: 0
LabelledTrainingData:
1	-590.264	779.875	-2.39917	622.083	732.191	123.316
1	-591.573	780.738	-0.0246582	621.167	733.286	121.177
1	-590.021	768.718	-1.72168	624.206	741.356	122.189
1	-587.22	759.216	-5.823	613.9	744.63	116.439
1	-584.356	753.778	-6.51099	607.36	743.55	114.97
1	-583.586	748.885	-9.56299	599.742	747.65	116.045
1	-580.826	747.139	-12.062	595.705	749.558	113.291
1	-578.436	749.434	-11.3552	600.261	751.034	112.497
1	-578.993	749.87	-10.3647	592.129	751.949	112.703
1	-577.591	756.69	-9.39233	584.561	747.357	109.677
1	-580.198	763.649	-9.59058	577.961	742.54	106.985
1	-585.381	772.197	-1.54565	576.869	742.768	103.064
1	-589.469	771.645	-0.652832	584.309	747.421	108.047
1	-587.646	764.223	2.99976	589.395	751.144	111.382
1	-586.369	758.145	4.42969	596.153	748.606	109.443
1	-586.063	753.174	4.62427	597.503	749.557	109.563
1	-586.626	749.243	1.68335	595.682	749.987	107.438
1	-587.973	748.29	3.05371	595.669	749.65	108.97
1	-588.319	748.11	3.65405	595.44	750.97	110.712
1	-590.193	744.695	1.41895	593.738	751.532	109.345
1	-586.954	744.465	-0.409912	595.769	750.386	108.755
1	-582.587	747.095	0.665039	593.108	750.472	107.292
1	-584.061	756.632	3.70972	594.992	751.174	108.005
1	-583.28	756.053	4.81421	594.802	750.846	105.872
1	-577.608	753.508	1.5437	596.709	750.859	108.874
1	-578.201	749.119	-0.152832	599.16	748.62	114.095
1	-577.181	756.32	1.08716	598.919	750.964	111.892
1	-575.502	753.684	-2.15137	601.929	748.39	112.401
1	-575.413	753.298	-3.44922	605.24	751.02	110.741
1	-575.196	752.528	-3.94702	602.369	755.101	115.247
1	-572.564	747.14	-5.8772	613.503	754.726	117.227
1	-569.962	745.603	-5.1687	610.688	753.487	115.624
1	-571.759	745.259	-3.80273	607.396	749.481	112.13
1	-570.378	744.813	-4.79932	602.053	746.946	109.2
1	-572.746	744.363	-0.952148	604.86	738.722	106.936
1	-574.866	743.917	-2.52734	605.008	739.523	106.587
1	-575.693	745.946	0.45166	604.162	740.352	105.668
1	-574.788	754.412	6.67676	605.872	737.224	105.746
1	-574.783	760.643	8.73853	604.658	735.311	103.612
1	-575.836	764.324	7.58667	603.976	732.788	101.518
1	-579.451	773.416	9.98169	596.205	725.915	98.428
1	-583.276	778.147	9.25854	593.957	729.542	105.988
1	-581.273	775.789	6.98755	593.541	735.159	104.854
1	-577.305	774.018	5.33203	598.476	735.936	103.932
1	-576.206	774.335	5.76904	601.143	742.351	106.821
1	-575.571	772.71	7.08447	616.783	747.986	114.875
1	-575.63	771.699	8.11133	623.238	754.98	120.817
1	-572.549	771.713	3.55737	623.95	756.696	116.081
1	-574.998	772.787	7.854	616.001	753.995	117.57
1	-577.641	779.827	20.5559	618.878	751.129	115.224
1	-577.504	771.82	8.40601	623.54	748.914	112.621
1	-577.504	771.82	8.40601	623.54	748.914	112.621
1	-576.973	770.297	8.70557	625.182	749.692	113.811
1	-576.006	773.039	7.63184	622.246	753.391	118.522
1	-578.983	779.379	16.0896	627.675	751.927	122.845
1	-578.468	781.969	16.7871	626.005	750.112	113.167
1	-578.468	781.969	16.7871	625.876	749.965	110.508
1	-580.18	780.542	16.6677	621.449	745.037	113.614
1	-580.939	781.906	19.1267	618.663	743.588	112.164
1	-585.166	779.221	23.9324	616.481	741.592	102.952
1	-583.88	778.909	19.0818	613.027	739.439	104.469
1	-582.742	775.425	12.7375	616.539	737.116	100.638
1	-581.292	771.662	8.74219	615.389	735.857	101.397
1	-582.939	771.396	4.18896	620.555	739.956	102.094
1	-581.711	771.027	3.96948	624.628	739.364	97.2744
1	-578.181	770.906	1.99829	623.098	738.894	101.287
1	-576.195	769.542	5.76147	621.97	736.662	100.553
1	-576.646	773.248	2.11035	626.985	730.656	95.397
1	-576.125	778.362	3.36304	630.935	737.004	96.6387
1	-575.664	779.918	0.476074	630.665	736.43	99.3286
1	-567.936	781.086	6.62329	631.345	736.125	96.9312
1	-570.59	782.109	7.98364	631.301	736.95	99.1567
1	-572.27	780.9	4.85815	632.004	736.702	100.862
1	-573.575	782.379	7.37964	636.893	739.549	102.273
1	-574.274	782.713	6.1936	640.288	742.405	101.788
1	-573.646	779.902	0.410156	639.956	739.879	94.499
1	-575.525	784.169	7.97852	636.542	737.684	94.9004
1	-574.638	780.169	1.38574	638.547	738.089	100.299
1	-572.903	778.809	1.9043	634.553	738.792	102.994
1	-573.756	778.339	2.4834	632.58	735.576	98.8564
1	-575.433	779.486	4.40454	632.409	735.987	96.6992
1	-577.777	780.335	6.58765	635.862	738.921	96.9592
1	-576.926	781.213	2.97852	632.183	740.118	97.134
1	-575.825	780.206	-0.251953	634.035	740.971	98.9348
1	-574.57	779.779	1.7644	636.151	745	102.7
1	-574.804	781.529	4.07227	634.418	741.675	100.99
1	-574.672	778.634	2.48315	635.641	740.504	95.8684
1	-575.241	776.338	0.890381	630.526	737.458	92.8696
1	-575.981	776.089	4.71558	634.762	739.66	98.385
1	-573.911	777.87	5.74536	631.859	738.979	98.1636
1	-574.112	779.355	2.87231	634.858	739.647	96.1196
1	-575.745	780.716	2.77148	630.809	739.685	94.8701
1	-574.121	779.422	-0.20874	626.952	738.736	94.0059
1	-573.629	778.7	-2.38257	628.048	737.653	87.0842
1	-573.122	780.097	-2.57764	629.539	740.293	85.7075
1	-573.951	779.539	0.161865	632.19	741.966	89.1165
1	-573.141	779.051	0.306396	633.435	741.183	89.3503
1	-575.242	778.031	0.883057	629.032	738.544	90.9084
1	-573.476	768.529	-0.470459	630.348	734.728	88.8423
1	-571.893	759.188	0.522949	629.967	734.317	84.3162
1	-571.531	754.734	-0.949463	629.368	735.301	80.0967
1	-574.569	761.503	1.33472	631.785	731.394	82.6418
1	-574.934	769.243	0.102783	635.722	737.821	87.7197
1	-577.566	775.49	4.29321	637.82	744.333	95.1099
1	-579.834	775.127	2.91992	638.295	737.575	86.8528
1	-581.065	776.002	3.41333	634.819	739.659	88.3884
1	-580.005	774.21	-2.10864	628.862	737.596	89.4177
1	-578.515	773.18	-4.67285	626.838	735.014	87.7195
1	-577.442	775.89	-1.62427	627.886	737.21	86.3062
1	-578.38	778.741	0.7229	626.504	736.953	88.6055
1	-577.07	780.155	0.566406	629.987	737.55	87.4753
1	-576.994	780.102	0.712402	630.015	741.264	88.7937
1	-576.859	779.343	-1.31226	630.914	742.092	87.4929
1	-576.199	778.114	-4.32959	630.804	737.647	84.8113
1	-577.514	774.643	-5.31006	630.078	739.68	86.0986
1	-577.428	777.807	-0.918945	629.509	741.345	86.0444
1	-576.549	778.135	-3.52124	621.256	743.516	90.1035
1	-574.63	767.335	-5.06763	620.244	743.475	89.0815
1	-572.907	759.676	-5.12769	614.993	742.862	90.3916
1	-573.515	761.527	-6.9353	613.733	738.423	95.259
1	-574.653	768.305	-4.11011	619.245	736.26	93.7051
1	-573.208	769.911	-7.67017	624.941	732.555	96.3167
1	-574.757	771.518	-6.06177	621.13	734.846	96.6467
1	-576.486	770.018	-6.97437	622.548	737.444	96.7808
1	-575.184	771.432	-8.09204	616.293	739.842	97.4724
1	-574.935	773.64	-5.20239	620.819	738.233	95.6675
1	-575.739	775.799	-2.26538	625.021	738.046	88.1855
1	-573.325	776.15	-4.25049	627.829	737.998	83.9912
1	-575.57	778.596	-1.02954	627.285	739.863	89.0933
1	-574.147	779.176	0.272705	631.134	741.988	90.7493
1	-573.907	778.88	-1.1521	627.299	742.713	90.8462
1	-574.849	779.742	0.088623	624.835	743.537	94.3022
1	-575.369	779.065	-0.325928	622.95	741.614	94.4167
1	-576.548	778.703	0.478271	620.169	741.688	93.552
1	-575.093	779.303	-1.30298	632.315	741.607	95.624
1	-575.823	780.762	0.67749	640.957	745.993	100.481
1	-575.726	781.631	2.25073	645.93	746.89	99.698
1	-576.185	783.243	3.12817	646.239	747.202	99.0938
1	-576.962	783.335	-0.295654	633.282	743.644	90.7131
1	-575.244	783.285	-2.50171	631.312	735.9	87.4912
1	-576.744	783.5	-0.195801	632.202	739.865	91.6121
1	-574.541	781.986	2.02344	630.931	741.665	94.5059
1	-572.437	780.837	6.63306	630.826	744.029	92.0073
1	-574.046	779.183	9.92432	631.415	741.502	100.451
1	-573.58	777.479	8.69946	625.674	741.909	98.0222
1	-570.453	774.901	3.56445	628.059	741.266	100.794
1	-570.602	774.527	5.51929	626.592	744.144	100.822
1	-567.364	773.706	0.155273	623.873	745.215	98.8335
1	-566.963	774.939	2.71069	623.261	743.12	97.5623
1	730.223	626.863	-24.0732	-656.246	675.629	-147.579
1	734.228	624.812	-19.1306	-655.256	676.436	-148.598
1	734.144	624.473	-22.9812	-654.273	675.013	-150.89
1	733.171	625.458	-24.5059	-653.45	674.115	-152.646
1	732.579	626.965	-24.0283	-649.186	669.974	-153.555
1	737.334	627.523	-25.2034	-644.321	665.962	-159.023
1	737.489	629.941	-18.8794	-641.034	666.54	-161.961
1	734.048	630.208	-22.2444	-644.11	663.523	-159.946
1	731.649	628.256	-23.699	-646.865	667.265	-157.388
1	730.596	625.465	-24.366	-648.765	668.181	-157.704
1	729.68	632.415	-20.9951	-651.102	665.122	-158.106
1	724.371	636.4	-21.8081	-653.227	667.227	-158.323
1	720.002	633.702	-20.2021	-656.726	668.931	-156.774
1	716.297	630.635	-18.093	-661.996	664.461	-153.727
1	724.211	627.325	-22.8706	-665.375	662.102	-151.32
1	730.906	621.526	-28.3811	-665.617	663.82	-152.531
1	744.613	620.264	-28.8633	-665.5	662.9	-153.857
1	741.39	618.614	-30.0776	-665.923	661.525	-153.262
1	742.078	614.936	-32.9834	-664.273	663.848	-153.49
1	752.498	617.366	-28.5125	-667.693	664.417	-151.576
1	755.849	611.95	-34.5083	-662.518	665.78	-157.245
1	748.117	608.676	-39.8967	-661.019	660.607	-159.867
1	737.988	615.286	-40.6658	-662.363	659.898	-157.938
1	728.358	618.222	-35.7542	-665.207	660.379	-159.428
1	724.27	617.88	-37.9958	-663.404	661.221	-159.98
1	725.107	610.959	-39.1924	-658.966	658.2	-168.922
1	729.356	604.084	-41.2351	-659.07	656.037	-176.745
1	726.254	602.259	-45.7275	-659.522	655.428	-179.077
1	719.837	612.175	-39.9775	-660.107	655.211	-178.683
1	721.411	616.29	-36.574	-660.56	653.358	-175.765
1	727.072	617.168	-42.0669	-661.306	650.609	-176.81
1	735.573	618.231	-40.2007	-659.644	649.288	-178.534
1	732.501	613.199	-42.8774	-663.263	646.427	-177.501
1	732.518	612.456	-48.5728	-663.014	647.626	-176.516
1	730.037	609.892	-49.6714	-663.001	647.066	-175.78
1	731.486	615.792	-42.5732	-662.532	648.588	-176.254
1	731.621	621.671	-39.7371	-664.483	650.188	-173.731
1	728.631	618.882	-42.4375	-666.922	649.302	-176.143
1	728.686	620.736	-46.3489	-665.031	650.793	-176.98
1	728.296	628.059	-48.6528	-660.896	650.971	-181.028
1	725.682	631.555	-48.6257	-656.041	646.039	-182.793
1	724.542	629.524	-51.2285	-655.493	645.125	-184.128
1	724.641	632.027	-49.1272	-648.681	646.559	-181.591
1	725.168	632.909	-47.6584	-650.247	645.71	-174.155
1	724.96	638.781	-45.969	-647.134	655.041	-169.427
1	725.011	641.862	-46.8635	-643.307	658.967	-170.155
1	726.019	646.463	-46.9792	-640.678	663.292	-167.804
1	724.625	648.097	-46.1235	-640.926	668.974	-169.115
1	719.117	647.598	-44.9302	-638.805	670.678	-165.803
1	712.598	642.515	-42.6628	-639.257	671.077	-161.503
1	713.905	645.632	-40.6943	-635.247	669.96	-159.731
1	709.026	641.964	-37.8367	-633.465	670.924	-155.602
1	705.519	640.108	-34.9968	-632.128	674.263	-153.161
1	702.351	638.471	-34.0959	-631.757	674.634	-151.903
1	707.287	634.746	-34.1362	-630.391	673.113	-150.84
1	703.073	633.369	-32.0889	-632.154	676.936	-142.727
1	706.712	641.088	-30.6089	-636.146	681.212	-135.616
1	710.065	645.603	-31.9182	-634.419	682.511	-135.255
1	712.59	647.658	-30.4771	-634.128	680.851	-137.301
1	713.432	647.515	-29.354	-634.425	680.54	-136.025
1	716.803	648.889	-29.1667	-632.782	680.21	-137.459
1	715.844	649.235	-29.1343	-632.871	678.007	-140.096
1	714.634	650.591	-29.1365	-636.531	677.392	-137.09
1	711.974	649.36	-32.7102	-638.368	676.048	-137.339
1	711.223	650.738	-33.219	-638.524	676.355	-139.346
1	710.264	648.238	-32.6265	-636.84	673.847	-142.903
1	713.128	651.12	-33.1313	-635.043	673.154	-144.673
1	716.283	649.363	-33.9507	-631.462	673.171	-145.476
1	718.974	644.903	-34.2327	-631.114	669.797	-147.142
1	711.77	637.966	-31.8735	-630.188	669.175	-148.868
1	713.205	637.793	-33.134	-629.756	667.243	-150.856
1	712.665	636.314	-32.2529	-628.846	667.95	-150.877
1	703.915	636.326	-31.8962	-629.359	667.653	-150.663
1	702.273	633.387	-31.0679	-629.474	669.654	-149.606
1	703.087	634.513	-30.0276	-628.255	667.082	-156.186
1	705.055	638.068	-34.7446	-628.207	667.534	-155.574
1	712.959	640.541	-31.0979	-627.367	667.183	-156.822
1	714.882	646.449	-34.3604	-628.524	666.9	-154.334
1	716.564	651.803	-35.6516	-628.543	665.752	-155.268
1	716.227	648.011	-32.3899	-627.396	663.225	-157.484
1	718.404	654.605	-30.5457	-631.394	665.994	-159.683
1	717.295	660.05	-31.4678	-633.791	666.119	-162.62
1	713.968	666.438	-32.3972	-636.381	667.463	-162.598
1	713.918	664.696	-33.1738	-634.784	664.989	-160.435
1	713.439	661.25	-33.5413	-637.917	665.373	-156.972
1	714.083	652.372	-38.2412	-639.89	663.857	-156.607
1	716.234	648.75	-36.8096	-638.141	665.464	-153.743
1	713.981	650.445	-35.1558	-641.063	667.272	-150.442
1	711.723	649.443	-36.4907	-643.579	664.318	-153.122
1	712.492	654.488	-35.8208	-641.686	662.604	-155.056
1	706.552	661.458	-36.5308	-647.597	666.703	-150.582
1	709.965	664.161	-32.4026	-644.393	669.019	-147.856
1	711.064	671.916	-25.7529	-640.922	668.744	-148.359
1	715.265	673.867	-24.2053	-638.484	667.466	-149.193
1	717.051	668.691	-27.1638	-639.026	667.103	-148.341
1	719.448	669.689	-22.3518	-644.996	671.665	-146.306
1	721.271	666.271	-22.7432	-645.823	671.782	-147.026
1	719.239	665.444	-21.5952	-644.487	670.505	-149.651
1	712.589	658.522	-21.7952	-649.48	673.326	-147.122
1	710.737	660.761	-21.0818	-651.058	673.243	-146.198
1	708.375	663.287	-21.8052	-649.931	671.028	-145.42
1	714.265	659.158	-19.4099	-650.637	671.233	-149.667
1	707.887	660.185	-19.1738	-650.536	672.576	-147.503
1	702.772	661.487	-19.3313	-648.27	674.244	-154.739
1	699.648	658.632	-16.4775	-648.988	672.576	-158.181
1	697.015	655.089	-16.2302	-651.65	672.117	-157.393
1	708.151	659.453	-7.60815	-649.717	673.111	-154.41
1	715.16	660.294	-8.48779	-642.352	671.83	-155.291
1	713.184	655.834	-14.8762	-644.378	670.464	-151.366
1	712.939	651.795	-17.3347	-645.458	669.828	-157.413
1	712.358	650.328	-18.6182	-648.437	671.594	-156.792
1	711.5	649.17	-21.9993	-648.757	672.626	-157.179
1	711.131	649.775	-19.6543	-650.761	673.733	-156.104
1	711.038	648.573	-19.7065	-644.56	672.591	-154.199
1	710.135	642.897	-22.1536	-640.231	670.344	-152.376
1	709.273	640.814	-21.9084	-638.589	669.349	-151.539
1	708.308	637.702	-24.5281	-636.545	671.008	-148.819
1	707.22	637.007	-24.5488	-637.071	670.599	-149.922
1	709.603	643.019	-26.0601	-636.786	671.149	-150.383
1	707.994	640.824	-29.0735	-638.581	674.195	-145.684
1	711.473	647.124	-25.3032	-639.572	676.848	-143.914
1	709.3	641.967	-28.168	-638.266	675.31	-147.757
1	707.294	637.031	-28.3315	-638.452	673.813	-146.102
1	704.654	636.071	-28.7605	-640.233	673.445	-145.778
1	704.214	633.326	-28.146	-641.791	670.721	-145.381
1	705.061	639.56	-25.0527	-640.33	670.442	-146.46
1	706.056	643.109	-25.3513	-640.017	671.087	-147.542
1	710.259	647.772	-25.781	-638.315	675.117	-144.078
1	713.158	650.548	-29.1006	-640.251	671.792	-146.569
1	710.087	644.481	-30.1516	-642.638	674.294	-142.416
1	707.804	640.069	-28.5212	-644.524	676.013	-138.474
1	704.614	636.726	-30.6079	-642.883	673.357	-143.542
1	705.395	635.993	-27.4365	-640.749	673.131	-145.283
1	704.669	635.396	-26.8574	-641.081	673.6	-144.33
1	702.535	634.361	-29.3364	-641.633	673.298	-144.975
1	699.82	639.825	-27.5981	-642.64	674.713	-140.388
1	695.915	638.099	-28.4187	-643.249	675.71	-139.666
1	696.325	640.015	-27.7422	-643.177	675.733	-139.791
1	699.981	640.913	-28.9468	-642.801	675.986	-140.961
1	697.796	638.398	-27.6462	-642.324	677.131	-141.333
1	701.609	636.606	-25.4895	-640.505	674.838	-143.864
1	698.824	634.493	-26.7742	-640.987	675.354	-141.961
1	704.215	641.518	-27.6404	-641.687	675.21	-143.761
1	700.813	639.336	-29.4226	-640.62	674.817	-145.93
1	-600.047	698.551	-113.738	665.689	658.802	-76.0779
1	-599.122	700.908	-113.494	669.329	655.135	-73.8311
1	-598.201	702.176	-115.09	667.841	653.802	-73.7058
1	-596.815	703.92	-114.962	667.74	653.872	-72.2676
1	-596.592	705.082	-114.796	668.779	652.435	-76.7725
1	-596.184	704.161	-115.495	669.43	650.655	-78.4307
1	-596.504	704.386	-113.531	673.798	650.772	-78.2026
1	-597.446	704.611	-112.101	673.565	651.247	-77.6257
1	-596.752	705.861	-112.039	676.092	654.804	-76.8828
1	-596.387	702.419	-117.105	674.345	654.507	-78.5862
1	-595.736	703.611	-114.286	673.468	657.285	-79.1367
1	-595.521	699.875	-117.064	676.923	654.605	-76.915
1	-598.809	698.59	-113.076	676.609	653.913	-80.7048
1	-604.273	697.404	-115.85	674.23	653.855	-82.0181
1	-608.114	697.443	-117.888	675.619	653.803	-83.168
1	-605.701	694.821	-116.651	676.093	651.994	-83.5791
1	-601.449	698.985	-121.81	674.574	652.144	-86.3491
1	-601.568	698.882	-124.856	674.546	649.369	-85.7688
1	-597.893	697.713	-123.03	674.754	655.645	-85.7087
1	-599.049	700.218	-125.542	677.184	663.047	-82.2312
1	-601.079	703.191	-123.884	678.786	668	-80.1038
1	-601.294	703.731	-124.181	676.89	667.79	-78.8672
1	-601.974	703.211	-124.204	680.439	668.493	-73.4307
1	-601.245	702.8	-125.54	672.389	667.912	-75.5913
1	-600.824	702.645	-124.799	674.613	663.673	-78.3457
1	-600.745	703.487	-127.965	676.119	667.68	-79.6506
1	-600.603	701.433	-130.067	674.769	663.475	-79.6499
1	-593.792	696.274	-127.291	661.942	657.238	-79.179
1	-593.224	694.981	-126.01	658.318	654.931	-79.3777
1	-593.924	695.92	-121.871	658.692	652.087	-79.1482
1	-596.099	696.659	-127.23	662.231	651.361	-80.3015
1	-594.298	697.521	-127.705	667.814	655.262	-80.0601
1	-590.735	693.421	-126.111	670.647	655.475	-83.1196
1	-592.374	689.783	-126.998	667.848	653.818	-81.2964
1	-592.218	691.327	-126.303	666.749	655.684	-82.1111
1	-591.531	693.927	-125.562	669.037	656.676	-85.4255
1	-596.446	699.241	-125.777	669.394	658.092	-84.9299
1	-599.594	702.764	-127.462	667.226	660.385	-84.7834
1	-600.348	703.166	-129.076	670.492	657.92	-85.3672
1	-600.549	702.844	-132.009	669.317	664.355	-81.2561
1	-599.784	697.228	-128.445	671.185	666.33	-75.1287
1	-598.89	696.172	-133.9	674.904	668.036	-76.6848
1	-598.926	696.522	-135.185	676.601	669.06	-79.5977
1	-598.202	694.237	-132.077	675.833	671.151	-76.7524
1	-602.413	698.405	-127.442	675.018	675.478	-72.4502
1	-605.376	700.214	-126.661	670.057	672.087	-78.2705
1	-608.636	702.871	-127.269	671.342	669.322	-80.293
1	-607.036	702.962	-129.348	670.158	668.324	-85.1951
1	-607.643	701.773	-132.827	669.78	668.736	-86.7129
1	-608.392	700.42	-132.449	669.475	673.083	-87.459
1	-599.94	698.75	-134.535	669.011	670.823	-89.1235
1	-600.072	700.941	-135.173	670.4	667.897	-86.4551
1	-601.56	700.669	-130.083	671.144	671.809	-84.4807
1	-597.665	700.67	-128.159	669.317	670.185	-81.658
1	-597.386	697.423	-125.948	670.917	667.211	-77.7058
1	-594.866	697.248	-127.959	669.588	664.612	-79.6921
1	-599.969	700.409	-127.193	671.024	670.624	-74.5947
1	-598.947	694.256	-126.786	672.278	668.95	-75.4238
1	-599.651	695.805	-130.081	676.573	670.958	-75.0598
1	-605	695.842	-129.653	673.342	674.034	-74.0222
1	-608.637	697.033	-128.498	672.521	675.697	-76.8198
1	-611.313	698.859	-124.257	673.21	676.357	-72.8276
1	-609.716	697.609	-127.125	672.919	675.51	-74.6663
1	-607.937	698.574	-128.544	671.671	674.911	-74.9465
1	-602.099	700.287	-124.86	673.231	669.417	-76.9768
1	-604.562	699.898	-125.045	672.755	664.482	-80.4739
1	-601.087	700.497	-122.571	664.269	661.153	-79.968
1	-602.297	703.738	-124.406	664.374	656.931	-78.178
1	-596.191	701.711	-127.064	662.881	653.81	-77.2603
1	-592.678	703.354	-126.131	666.558	652.599	-79.605
1	-590.567	703.134	-127.283	669.001	653.327	-79.5439
1	-589.311	702.709	-128.1	667.036	659.404	-82.9836
1	-589.058	700.368	-131.432	665.573	663.406	-80.6108
1	-587.968	698.499	-132.719	667.447	661.945	-81.0579
1	-587.326	698.246	-132.647	664.38	658.944	-79.6047
1	-587.296	699.285	-131.648	662.143	659.15	-77.6785
1	-587.99	700.575	-128.978	660.905	656.784	-77.5964
1	-589.251	699.232	-128.067	663.678	663.475	-78.1431
1	-589.237	697.475	-127.701	669.904	666.579	-74.6602
1	-588.32	699.218	-128.233	671.668	669.357	-75.6682
1	-589.16	702.357	-124.872	671.033	675.592	-73.0034
1	-589.784	699.86	-127.263	668.646	675.771	-75.4084
1	-589.33	700.471	-127.538	669.768	672.884	-74.2891
1	-588.667	699.761	-128.24	671.322	665.454	-75.4534
1	-588.071	702.235	-128.811	667.086	661.117	-76.3706
1	-588.19	701.795	-127.878	671.07	657.622	-77.6821
1	-589.296	700.572	-127.295	673.448	659.528	-78.9165
1	-595.16	702.429	-128.991	674.217	659.108	-81.0281
1	-595.495	703.46	-124.751	672.875	651.907	-82.5767
1	-595.734	704.291	-121.776	671.261	652.159	-81.3071
1	-596.645	704.686	-119.286	667.656	653.376	-77.2144
1	-596.707	704.281	-118.163	667.444	652.491	-76.8411
1	-596.719	704.591	-117.602	667.041	652.199	-76.8552
1	-596.297	703.891	-117.704	672.227	650.858	-74.22
1	-595.227	704.477	-117.336	671.153	651.588	-75.957
1	-593.975	699.841	-123.402	670.727	649.606	-74.8489
1	-594.95	699.316	-122.746	671.041	649.31	-74.9744
1	-595.326	700.49	-120.871	667.678	651.146	-78.718
1	-596.498	701.76	-118.746	671.867	651.82	-85.4978
1	-595.741	702.476	-119.429	677.396	654.798	-81.3606
1	-595.516	703.518	-119.714	678.129	651.621	-88.7578
1	-596.019	703.918	-119.628	676.673	657.572	-82.3899
1	-595.818	705.585	-117.861	675.46	655.658	-83.9595
1	-595.163	706.258	-118.676	673.419	655.105	-83.7666
1	-592.267	706.635	-122.077	672.828	654.343	-81.3103
1	-590.077	707.255	-123.821	669.348	655.583	-78.0903
1	-589.449	706.993	-124.842	669.242	655.966	-75.7019
1	-587.661	703.117	-127.615	666.664	655.115	-75.8469
1	-586.91	701.594	-128.1	670.654	654.121	-76.5664
1	-586.858	701.076	-128.098	675.353	657.195	-75.3086
1	-586.724	702.845	-127.09	672.148	657.31	-75.3521
1	-586.768	704.666	-127.019	672.371	659.122	-77.9126
1	-588.49	707.028	-124.94	672.947	661.426	-80.9189
1	-590.55	707.762	-123.39	675.335	660.111	-81.8049
1	-589.17	708.639	-122.613	674.498	659.558	-83.2966
1	-590.993	708.949	-120.326	678.462	659.013	-82.2095
1	-590.277	706.919	-122.441	680.433	657.583	-80.3381
1	-590.002	706.034	-121.947	682.151	655.111	-79.6279
1	-589.935	707.232	-119.438	682.851	656.275	-78.7778
1	-589.257	709.727	-118.844	683.21	655.623	-78.3438
1	-588.076	710.375	-122.028	683.94	658.352	-75.1841
1	-587.593	711.464	-121	685.433	658.393	-73.4905
1	-583.252	711.988	-124.506	683.563	657.121	-76.9419
1	-583.381	711.018	-125.909	681.796	655.596	-76.115
1	-583.116	711.332	-125.562	682.676	655.374	-74.0466
1	-581.055	711.068	-127.865	682.347	656.018	-74.4348
1	-580.03	711.367	-128.516	681.31	656.89	-75.6064
1	-579.927	710.734	-129.689	679.985	656.281	-77.3464
1	-580.146	710.913	-129.365	679.26	656.174	-77.1323
1	-581.253	710.109	-129.966	679.27	655.632	-76.8
1	-581.669	710.769	-128.229	678.576	655.838	-76.2908
1	-581.227	709.937	-130.419	678.339	657.88	-77.0525
1	-582.544	709.409	-128.655	678.096	655.529	-77.8062
1	-582.489	709.295	-127.875	678.2	653.917	-78.4016
1	-581.062	707.607	-127.791	678.205	654.606	-78.3833
1	-575.676	710.474	-134.153	677.094	657.409	-77.6411
1	-577.178	708.732	-134.215	676.116	657.841	-78.2898
1	-579.899	711.234	-127.287	675.458	659.354	-79.2495
1	-581.115	711.926	-124.373	676.075	664.887	-78.5642
1	-581.904	712.282	-122.9	675.936	669.236	-79.1077
1	-581.008	710.966	-125.735	675.998	670.171	-80.3201
1	-582.073	712.541	-121.849	676.207	671.652	-79.1538
1	-581.463	711.61	-123.814	678.845	673.408	-73.5098
1	-582.374	712.952	-121.602	678.905	669.195	-75.2954
1	-583.304	712.466	-122.422	675.89	672.451	-76.4167
1	-583.3	711.22	-125.126	672.409	673.313	-78.6987
1	-376.638	727.01	-354.869	423.587	694.773	-317.428
1	-373.66	723.971	-361.747	420.372	689.591	-316.587
1	-376.03	724.586	-359.709	419.434	690.506	-317.659
1	-373.759	725.041	-358.046	420.353	687.611	-315.675
1	-374.161	725.519	-356.189	420.992	689.897	-319.186
1	-372.103	724.341	-357.923	424.647	691.693	-319.55
1	-371.877	725.567	-356.544	422.864	696.266	-320.894
1	-371.283	724.914	-356.484	422.569	689.541	-320.791
1	-368.728	723.606	-357.998	425.884	690.176	-319.615
1	-367.57	723.097	-357.006	425.651	686.221	-315.781
1	-368.045	723.247	-357.738	424.394	684.066	-312.299
1	-366.287	721.553	-361.997	429.193	686.098	-316.667
1	-365.343	722.849	-360.367	432.665	690.146	-317.993
1	-363.373	723.197	-361.994	439.014	692.311	-316.89
1	-363.814	724.193	-359.515	436.46	690.038	-309.804
1	-362.924	723.512	-358.8	439.256	689.585	-311.604
1	-362.301	719.308	-357.234	438.679	686.573	-312.602
1	-363.168	719.824	-357.495	436.873	688.686	-314.201
1	-365.917	723.255	-354.033	434.015	692.726	-312.537
1	-364.776	723.677	-355.505	434.265	693.941	-313.841
1	-361.623	723.441	-356.056	435.733	694.295	-311.994
1	-362.278	719.559	-357.472	432.596	692.401	-315.809
1	-362.891	721.495	-356.939	430.654	695.555	-317.421
1	-362.985	720.9	-356.82	433.137	693.783	-315.167
1	-362.395	722.389	-356.199	435.482	694.837	-312.548
1	-363.458	722.505	-354.97	434.97	693.128	-315.769
1	-362.083	721.659	-353.727	436.075	695.747	-322.447
1	-363.816	723.091	-350.386	433.297	699.685	-315.888
1	-363.763	723.202	-346.624	430.57	702.099	-313.058
1	-362.009	724.349	-345.436	431.601	705.977	-307.756
1	-365.335	721.721	-345.267	433.761	706.581	-305.518
1	-365.598	716.687	-343.14	430.973	704.896	-310.507
1	-364.904	719.466	-345.776	433.528	705.926	-307.894
1	-365.047	720.629	-344.18	435.508	702.536	-305.75
1	-365.533	721.411	-345.451	435.142	703.063	-307.286
1	-366.042	722.77	-344.61	432.492	704.626	-308.468
1	-365.063	724.05	-346.325	434.398	703.759	-308.435
1	-367.036	719.222	-343.654	431.888	703.655	-308.562
1	-365.449	715.327	-343.925	433.95	698.527	-306.685
1	-363.616	718.342	-346.913	436.182	701.258	-304.235
1	-362.619	721.165	-348.04	434.958	701.806	-305.615
1	-361.16	722.337	-346.804	432.885	702.966	-307.768
1	-359.442	721.62	-347.535	432.637	700.345	-311.023
1	-359.307	722.245	-347.718	431.286	699.581	-313.304
1	-358.876	722.795	-347.034	434.089	695.977	-315.417
1	-360.874	722.622	-348.427	434.773	693.738	-316.25
1	-364.367	721.618	-349.699	429.599	693.577	-318.912
1	-363.214	721.966	-350.036	430.352	695.135	-317.773
1	-363.08	722.915	-348.331	433.783	694.319	-314.726
1	-364.943	723.352	-347.218	433.066	692.889	-315.808
1	-364.939	722.477	-349.496	430.877	691.647	-316.714
1	-362.475	723.338	-349.219	429.608	694.713	-316.867
1	-363.681	723.317	-349.928	428.569	696.131	-317.793
1	-363.035	722.445	-350.605	426.581	696.291	-318.718
1	-362.515	723.086	-350.069	426.307	698.052	-316.642
1	-365.534	721.671	-351.275	422.847	697.594	-316.552
1	-365.158	721.649	-352.081	421.731	697.364	-319.135
1	-363.856	721.501	-352.8	427.472	699.034	-323.856
1	-364.785	722.196	-350.799	430.851	702.241	-322.294
1	-365.38	722.129	-350.822	430.173	698.889	-320.863
1	-365.127	721.358	-350.472	426.273	697.9	-319.58
1	-364.536	721.233	-350.156	424.11	696.665	-321.216
1	-364.459	721.597	-350.773	422.949	697.559	-318.497
1	-365.325	723.415	-348.463	427.363	700.785	-320.364
1	-365.49	721.919	-351.093	428.538	698.216	-315.999
1	-367.885	720.995	-348.747	426.432	693.886	-315.323
1	-369.671	720.377	-348.108	421.24	693.717	-316.375
1	-369.391	719.706	-349.219	423.198	692.063	-313.95
1	-369.617	719.91	-348.73	424.255	691.528	-310.948
1	-369.798	719.014	-349.793	424.14	690.738	-308.966
1	-372.452	718.93	-345.582	424.798	687.61	-309.858
1	-372.196	719.998	-346.68	426.342	688.784	-308.321
1	-368.737	719.965	-348.03	430.661	688.085	-310.283
1	-365.995	720.083	-347.63	433.159	688.14	-310.623
1	-366.625	719.848	-346.273	432.656	687.933	-309.191
1	-365.611	720.639	-344.838	433.864	687.486	-312.186
1	-364.551	721.884	-343.908	435.491	688.076	-312.626
1	-363.144	720.127	-343.294	432.367	687.854	-311.699
1	-361.06	720.527	-344.001	439.975	688.937	-310.517
1	-359.791	719.03	-345.307	439.373	687.313	-313.424
1	-357.528	719.135	-346.824	443.116	687.951	-313.691
1	-356.639	716.966	-344.646	440.451	686.793	-314.818
1	-357.267	713.474	-341.947	439.59	688.598	-315.301
1	-353.507	713.079	-344.176	440	689.405	-314.227
1	-354.982	715.269	-347.056	440.496	687.971	-312.85
1	-353.704	713.882	-346.801	443.738	693.358	-310.628
1	-358.102	714.963	-347.733	438.847	692.379	-314.071
1	-355.696	712.73	-346.752	440.745	693.001	-308.822
1	-354.008	710.21	-344.628	441.316	693.05	-308.319
1	-356.323	713.66	-345.431	443.624	695.885	-306.352
1	-359.81	721.174	-346.497	448.949	701.692	-304.471
1	-360.986	719.005	-347.865	449.701	699.798	-306.748
1	-360.67	721.205	-345.394	442.991	692.587	-306.885
1	-362.498	722.311	-346.875	438.479	691.743	-306.832
1	-363.657	722.358	-343.147	433.525	690.569	-305.484
1	-360.492	719.552	-342.209	434.214	684.855	-306.347
1	-360.257	719.987	-342.458	436.028	686.1	-307.471
1	-360.229	720.851	-342.404	434.896	688.738	-302.951
1	-359.896	718.771	-342.32	443.356	692.667	-307.286
1	-359.101	717.655	-343.912	441.902	690.316	-307.04
1	-360.713	716.85	-343.789	439.75	686.66	-307.507
1	-360.318	717.326	-342.123	438.821	686.83	-303.209
1	-359.667	717.917	-343.246	443.075	692.148	-300.66
1	-361.504	721.185	-341.069	444.491	699.027	-301.02
1	-360.682	721.15	-342.222	445.465	702.023	-302.457
1	-360.825	720.143	-343.931	446.563	701.591	-306.517
1	-361.824	719.968	-341.956	439.793	696.326	-309.667
1	-360.102	718.353	-344.162	435.339	694.885	-310.766
1	-356.297	716.191	-342.207	440	695.529	-313.796
1	-352.802	714.011	-340.435	437.957	693.983	-312.352
1	-355.773	714.816	-343.981	442.877	693.052	-313.034
1	-358.352	718.942	-344.996	439.093	694.386	-312.668
1	-357.736	715.713	-340.861	442.906	694.733	-308.12
1	-358.543	717.249	-340.396	439.489	694.405	-307.433
1	-359.885	719.117	-339.098	442.183	699.892	-303.688
1	-359.523	718.992	-340.356	446.03	702.168	-302.383
1	-359.257	717.543	-342.559	450.87	700.899	-305.53
1	-360.759	718.52	-342.525	449.459	701.949	-307.986
1	-360.983	717.419	-342.421	444.323	701.334	-312.194
1	-362.368	720.992	-339.447	442.19	704.65	-312.546
1	-361.2	719.783	-341.997	444.351	701.69	-317.771
1	-361.357	718.151	-344.331	440.923	700.87	-320.591
1	-362.087	719.801	-342.658	438.573	701.506	-323.372
1	-362.568	718.303	-341.726	436.821	699.739	-324.295
1	-362.523	720.017	-343.21	436.041	700.925	-327.718
1	-362.086	719.349	-342.814	439.655	699.453	-324.865
1	-361.127	718.661	-345.374	437.181	695.006	-322.23
1	-360.724	718.184	-347.243	437.832	691.369	-315.896
1	-360.246	719.382	-345.702	438.543	689.24	-313.953
1	-361.443	716.848	-346.43	436.975	685.874	-312.49
1	-362.955	716.63	-344.929	435.197	683.861	-313.582
1	-361.991	714.431	-341.591	433.614	683.923	-312.071
1	-363.169	712.984	-343.499	432.453	682.614	-311.618
1	-361.423	711.015	-343.115	435.983	683.643	-310.158
1	-362.928	712.758	-344.53	438.144	685.146	-310.66
1	-361.888	716.664	-345.725	434.135	684.921	-313.524
1	-364.318	717.486	-347.185	429.195	686.93	-312.331
1	-365.07	718.399	-347.481	429.671	688.455	-312.654
1	-364.644	717.452	-349.9	432.876	686.303	-310.339
1	-365.319	718.336	-349.724	433.285	686.745	-314.188
1	-364.959	719.435	-349.492	431.674	689.583	-315.701
1	-364.163	720.872	-349.842	431.066	692.584	-315.699
1	-364.301	720.909	-349.053	436.361	694.301	-315.047
1	-366.086	720.086	-350.997	438.544	691.917	-311.872
2	-841.649	47.3982	94.8257	835.326	22.9481	230.159
2	-843.074	48.8682	92.9216	836.457	27.0248	229.464
2	-842.017	44.8542	95.8884	831.548	29.0247	226.449
2	-842.719	45.1229	94.9653	834.134	27.2497	228.845
2	-842.412	46.5297	94.7251	837.964	25.506	233.54
2	-844.239	50.1884	97.1729	841.684	31.3403	241.442
2	-846.07	54.8546	93.2024	836.996	27.7441	232.919
2	-842.228	56.3436	86.582	835.443	32.1392	235.653
2	-840.211	55.9294	80.7654	837.059	30.5473	233.696
2	-839.61	56.3474	79.1272	839.862	28.7548	237.066
2	-829.178	61.1579	70.2698	828.451	31.7138	229.722
2	-822.926	61.2279	66.2942	829.238	32.4212	230.889
2	-828.376	57.5059	72.667	826.638	23.3228	228.883
2	-828.546	52.0459	70.4019	833.218	22.6325	233.97
2	-832.066	54.2486	73.7534	834.452	31.4375	232.603
2	-835.07	58.5061	77.3315	833.07	34.0288	233.629
2	-834.016	55.9539	76.2683	832.697	29.033	236.496
2	-833.04	55.0798	73.2747	832.879	32.8517	237.556
2	-834.969	54.791	76.4011	837.302	30.0043	238.239
2	-833.382	50.4267	77.6843	838.164	24.7232	233.379
2	-830.856	49.6704	77.1543	838.849	24.9891	237.664
2	-831.886	52.8106	72.0728	840.231	26.5383	240.367
2	-831.228	56.907	75.0874	838.294	22.0622	238.86
2	-841.144	56.7589	92.0884	838.317	24.3526	236.411
2	-847.289	57.6568	95.3242	839.209	23.7123	235.618
2	-851.639	59.1449	100.697	839.669	23.978	234.068
2	-852.665	58.433	100.323	838.121	27.7735	234.49
2	-850.624	59.8412	94.5015	840.263	26.2695	237.473
2	-850.559	62.1935	94.3906	839.863	27.5113	236.505
2	-851.206	63.1874	95.3738	837.701	25.634	235.896
2	-852.959	64.6897	95.8831	836.177	25.5635	235.36
2	-854.939	60.9782	100.355	834.35	22.9016	237.86
2	-855.924	62.418	98.9658	822.318	18.8104	235.757
2	-856.17	62.0789	99.2998	823.341	10.6047	236.873
2	-853.871	57.7885	100.75	824.43	20.6355	237.32
2	-853.048	58.9255	96.3855	830.087	20.8831	239.193
2	-852.328	58.2452	97.9934	834.33	17.7387	243.841
2	-853.424	56.2033	99.1768	836.073	18.175	241.288
2	-854.044	58.4223	100.46	832.523	16.8403	240.865
2	-849.719	54.093	99.3201	831.193	14.8931	239.986
2	-851.216	56.7546	100.533	831.806	19.6889	237.999
2	-849.188	55.168	96.1282	838.393	18.9491	245.692
2	-851.682	55.5404	97.1921	841.138	16.8441	247.017
2	-852.504	54.457	99.7495	835.529	15.3461	240.052
2	-851.875	58.3152	96.5522	839.119	12.3791	244.739
2	-852.143	60.3609	95.1606	832.505	14.7205	236.272
2	-853.393	62.4247	100.096	828.279	17.8953	235.296
2	-855.703	65.2253	103.212	831.149	20.0051	233.79
2	-856.495	64.1078	102.903	830.205	17.2152	237.332
2	-855.65	64.4095	102.971	838.96	23.2387	240.711
2	-852.88	63.7666	99.6143	842.128	21.7369	245.659
2	-851.708	65.4819	97.4878	846.584	26.1394	249.307
2	-850.964	64.219	97.0723	846.061	25.9085	244.704
2	-852.092	61.9997	100.282	844.912	29.7664	251.671
2	-855.066	61.4812	104.453	844.138	33.831	251.94
2	-856.686	63.0981	103.487	844.88	32.8756	252.158
2	-854.323	63.7537	96.1475	844.193	30.7344	248.412
2	-854.875	64.3057	97.6274	841.558	25.7806	251.884
2	-852.14	64.8024	91.5237	837.291	24.0109	248.429
2	-854.079	63.2941	96.4912	836.832	21.8772	249.779
2	-855.512	63.19	98.5791	835.958	20.0136	242.15
2	-856.211	64.0346	98.7188	831.787	22.4415	244.458
2	-853.758	65.6833	90.791	837.957	32.3799	246.778
2	-850.351	61.689	87.5823	842.731	37.7617	249.116
2	-849.343	60.2317	84.6858	839.376	34.7336	249.492
2	-848.515	57.6755	82.8999	836.603	31.3291	244.877
2	-852.246	55.2887	76.3533	842.062	34.699	247.968
2	-847.671	51.2081	80.2285	844.2	40.1942	247.972
2	-842.9	52.7088	71.3613	845.158	43.0664	247.575
2	-836.714	53.696	63.0508	843.688	44.072	242.124
2	-836.096	55.7977	68.7109	843.124	47.9543	240.269
2	-835.88	56.0059	71.1355	843.637	48.556	241.115
2	-838.797	55.7388	63.8147	843.923	50.7117	240.442
2	-840.862	55.9996	72.3052	844.908	52.2018	243.177
2	-836.491	59.5433	74.6572	845.464	51.5439	239.602
2	-826.683	57.599	77.8533	847.657	51.8816	242.112
2	-829.356	55.5995	81.7866	848.195	49.4257	240.055
2	-832.732	53.1565	88.6516	848.742	53.3757	242.858
2	-840.633	47.9988	91.501	848.625	50.4377	239.56
2	-842.961	51.9103	91.4802	848.164	48.9899	238.342
2	-841.622	47.2942	95.231	847.697	48.4847	238.554
2	-840.748	45.5193	99.0854	847.337	49.247	238.784
2	-844.819	46.0131	102.487	843.177	51.5854	234.729
2	-835.563	43.3317	101.862	843.436	51.9134	234.872
2	-839.211	45.0713	101.035	845.187	49.2245	236.337
2	-839.071	47.7145	92.6724	846.427	48.3963	235.867
2	-840.041	52.8361	89.2517	846.154	51.6199	235.474
2	-841.925	57.9162	91.5039	845.934	54.4866	235.595
2	-843.691	66.051	92.1255	851.797	59.6487	233.581
2	-839.548	69.2361	82.8621	843.834	69.661	234.713
2	-838.738	75.7624	80.3347	840.286	83.152	233.244
2	-840.875	91.8837	80.4075	840.414	88.4533	231.952
2	-842.494	101.295	84.1704	839.586	92.38	226.765
2	-844.009	102.19	82.8789	841.932	92.8848	218.816
2	-842.781	108.241	80.7605	839.576	93.0952	219.373
2	-843.518	116.818	80.1787	848.77	93.9262	224.161
2	-845.015	123.188	83.5444	848.38	115.597	229.002
2	-847.128	127.426	85.1047	854.342	118.603	233.598
2	-840.594	129.976	79.3809	862.157	124.463	242.356
2	-846.981	134.805	74.1028	867.108	125.253	238.271
2	-842.309	136.238	72.502	871.201	128.154	243.946
2	-850.475	138.848	72.5146	870.951	127.998	239.054
2	-864.713	135.345	87.4819	867.217	129.071	230.864
2	-866.601	137.965	79.8484	861.395	132.996	222.792
2	-859.385	146.016	78.6821	855.793	129.954	217.652
2	-851.401	152.561	73.9299	856.445	131.004	219.677
2	-845.154	153.021	70.5168	857.385	127.183	218.643
2	-852.165	158.717	75.3994	860.333	127.405	224.798
2	-846.519	162.843	72.6191	865.55	135.651	227.712
2	-841.844	170.749	71.1592	869.568	145.39	232.094
2	-841.172	170.79	72.845	875.482	142.808	237.679
2	-841.856	171.004	75.3254	872.066	142.647	238.014
2	-843.098	172.264	80.6714	865.701	148.093	232.884
2	-844.796	174.923	85.8484	854.967	154.054	233.116
2	-839.661	182.518	84.7249	850.434	163.505	240.165
2	-836.026	187.45	87.7136	845.171	170.761	238.999
2	-835.005	189.108	88.5315	850.993	166.022	236.988
2	-837.322	196.928	87.5859	855.428	162.136	237.761
2	-839.374	199.782	89.0903	865.025	165.103	247.123
2	-841.365	198.757	89.1204	859.943	182.823	246.724
2	-840.537	192.778	93.3665	853.37	183.55	236.616
2	-837.742	190.9	87.8726	860.914	173.639	240.87
2	-832.11	190.094	81.3213	852.813	175.698	229.726
2	-832.515	190.947	84.2529	846.265	172.389	224.501
2	-831.511	187.001	80.8547	847.029	181.725	229.945
2	-833.453	186.711	83.3149	843.41	187.069	224.493
2	-834.614	183.15	83.6265	845.756	188.595	231.344
2	-839.618	179.419	84.8748	843.438	182.862	230.514
2	-845.118	175.504	88.1733	850.366	180.684	228.21
2	-850.831	172.685	92.5623	856.287	179.75	234.909
2	-852.502	170.895	91.0339	857.669	180.117	236.946
2	-851.351	165.953	89.1167	848.093	172.986	225.91
2	-849.798	165.416	84.6433	851.708	169.871	225.512
2	-849.725	165.264	82.8079	855.164	170.71	227.489
2	-849.49	166.989	85.8157	858.263	179.359	233.84
2	-848.276	168.599	82.1245	853.299	185.108	233.616
2	-846.907	170.477	80.9407	844.622	177.297	224.671
2	-847.562	166.81	83.0581	855.047	166.99	227.554
2	-845.565	167.365	85.3318	859.316	177.407	237.866
2	-846.055	161.981	88.5369	843.28	180.2	223.127
2	-846.046	159.792	84.7441	852.791	171.321	232.27
2	-845.297	165.205	86.6755	842.56	173.395	227.905
2	-845.384	163.227	87.0464	850.978	173.95	237.648
2	-850.751	158.284	89.7937	850.137	176.779	241.527
2	-838.663	129.617	0.897217	869.852	58.3639	141.881
2	-837.924	133.269	-0.365234	871.875	58.2987	142.566
2	-844.347	132.321	-1.96045	870.566	57.5488	137.896
2	-854.089	129.979	4.85254	871.861	50.9142	138.415
2	-846.508	126.708	-0.105957	871.675	47.6435	136.478
2	-847.949	125.718	-3.11304	869.529	51.9179	136.011
2	-853.785	126.371	2.57178	865.022	43.9736	131.958
2	-856.346	126.212	3.93823	868.17	44.5363	136.499
2	-850.899	131.193	5.60547	871.46	50.5646	136.72
2	-847.581	135.196	5.77783	867.836	50.2681	133.141
2	-843.956	134.888	4.70312	855.618	58.0938	136.886
2	-848.285	132.579	3.82422	851.451	71.2141	134.02
2	-845.608	132.721	3.98853	852.164	77.2353	138.606
2	-844.445	129.883	11.2859	851.614	79.1257	136.221
2	-841.906	126.077	12.833	852.956	77.1429	132.473
2	-838.954	126.69	9.44653	846.485	77.0782	132.356
2	-838.515	125.673	14.6997	849.819	74.6757	131.748
2	-837.528	127.23	10.9387	854.345	73.3037	132.678
2	-837.849	129.7	9.54395	852.9	71.873	133.116
2	-840.211	129.066	18.1758	847.805	70.0794	134.827
2	-842.744	129.662	19.9319	846.36	69.2345	130.042
2	-843.65	129.333	21.3931	849.528	71.2039	128.964
2	-843.616	129.918	21.5398	857.273	75.703	131.853
2	-845.32	128.391	24.1375	860.666	78.1583	128.362
2	-844.496	125.928	24.0991	868.063	76.9461	127.601
2	-843.469	125.266	22.2395	868.752	78.777	132.015
2	-842.335	126.452	18.6133	869.703	84.588	138.285
2	-842.781	127.971	20.113	870.685	89.2451	140.098
2	-843.714	128.598	22.2576	867.27	86.9313	141.16
2	-843.61	131.298	23.7593	865.209	86.8711	135.622
2	-843.722	133.567	23.7908	865.238	93.442	135.927
2	-841.402	133.852	19.7627	869.329	95.1181	131.829
2	-841.756	130.996	20.3901	868.507	95.6837	135.432
2	-841.567	131.55	20.738	866.982	99.0736	130.658
2	-841.61	131.274	19.8606	871.05	100.978	130.259
2	-845.236	127.659	27.7788	878.774	97.9132	133.19
2	-845.447	131.815	26.0068	869.717	101.854	125.767
2	-847.784	131.53	29.3079	873.227	100.947	125.944
2	-844.434	130.115	22.5999	874.286	102.341	133.906
2	-842.503	130.466	21.1475	883.681	114.942	139.046
2	-846.406	130.967	28.4106	877.149	117.488	133.115
2	-849.033	128.768	27.0161	871.196	116.692	123.785
2	-843.492	131.296	23.2837	873.447	118.653	125.397
2	-844.959	133.455	25.0862	876.107	114.506	126.937
2	-846.994	133.357	27.2698	878.859	119.813	127.929
2	-841.413	134.686	23.3875	874.825	118.182	132.044
2	-842.877	133.012	24.8167	879.061	118.286	134.405
2	-845.467	132.303	25.512	875.185	116.575	132.815
2	-849.325	132.307	30.6577	880.912	116.741	137.182
2	-851.622	132.722	31.0125	877.434	115.528	137.895
2	-851.522	129.643	29.1692	874.929	113.251	138.213
2	-850.23	129.146	27.8638	869.548	112.198	130.775
2	-844.318	131.608	25.9421	875.985	112.995	134.742
2	-845.36	133.371	29.2988	874.267	113.917	133.989
2	-846.982	132.718	31.2651	876.503	112.556	133.816
2	-847.07	134.946	29.2017	879.518	117.243	131.571
2	-846.239	134.853	28.0559	871.801	122.121	124.109
2	-847.147	135.583	30.7451	865.99	120.164	123.719
2	-850.281	137.815	36.6301	860.907	129.506	122.487
2	-852.13	137.923	39.3452	864.957	141.308	131.266
2	-852.467	137.483	38.4277	863.4	143.048	128.61
2	-855.855	140.085	39.4353	863.001	148.085	119.497
2	-853.092	140.374	41.4263	858.953	143.627	113.276
2	-852.137	146.734	38.6602	860.758	148.272	114.024
2	-849.004	148.594	39.0842	859.142	146.704	123.148
2	-844.272	152.55	35.8191	867.44	150.971	125.781
2	-841.109	154.224	35.5229	868.021	150.232	123.19
2	-840.76	156.032	35.9187	875.148	146.347	127.724
2	-840.44	156.303	35.3833	885.084	151.979	134.009
2	-841.859	153.854	37.229	888.111	150.195	138.942
2	-844.724	152.147	38.5847	888.08	148.782	140.459
2	-847.616	155.953	42.4531	887.517	152.043	140.835
2	-846.282	154.907	39.1023	886.07	157.317	137.264
2	-842.372	155.511	32.2554	883.883	150.974	135.502
2	-841.076	153.667	30.8176	874.38	158.963	132.851
2	-843.781	157.674	28.3191	869.301	162.409	126.649
2	-847.18	156.095	31.7124	869.433	174.824	135.556
2	-848.038	156.708	32.9436	865.239	186.094	135.238
2	-850.532	156.126	34.4778	859.088	187.438	129.254
2	-850.697	156.165	33.9685	868.814	183.325	132.395
2	-850.511	159.935	30.394	878.04	183.757	140.198
2	-850.298	157.735	28.9502	881.033	184.767	140.02
2	-849.924	156.96	27.6589	872.626	186.566	139.927
2	-850.262	157.407	29.7451	877.323	188.729	144.803
2	-851.812	155.658	34.8662	873.188	189.996	142.909
2	-851.592	160.595	29.1838	875.128	189.699	141.644
2	-849.875	165.828	32.9875	878.046	192.424	148.191
2	-854.186	173.247	35.8359	877.26	187.67	145.141
2	-855.317	178.117	33.5708	870.969	189.696	140.317
2	-858.945	182.789	37.1562	865	191.371	140.291
2	-860.784	184.879	38.7827	868.897	189.823	142.493
2	-862.575	186.618	41.6689	871.622	196.538	141.96
2	-858.859	184.911	45.6357	877.636	197.142	147.313
2	-855.241	186.87	44.7227	880.084	193.744	142.472
2	-850.292	190.267	36.5288	876.641	195.419	144.054
2	-851.458	192.441	33.2065	878.892	198.806	148.931
2	-856.07	193.488	37.459	881.148	194.478	147.904
2	-858.74	193.933	38.8284	873.774	191.228	144.484
2	-861.074	195.124	37.8757	865.985	188.637	140.049
2	-863.97	196.9	40.9185	870.312	188.996	142.166
2	-865.588	197.115	43.0996	876.409	187.727	146.919
2	-866.255	201.443	47.3359	879.742	189.265	147.08
2	-865.928	204.552	47.3489	882.228	188.87	147.486
2	-862.214	208.982	46.7622	884.637	189.036	147.447
2	-858.959	214.557	48.761	875.307	194.333	143.917
2	-855.72	216.668	44.5352	878.333	192.218	148.011
2	-852.691	214.416	41.2593	872.304	190.516	145.297
2	-853.893	213.264	43.3604	866.027	189.781	141.778
2	-858.936	217.589	46.283	873.141	188.857	148.038
2	-858.536	218.83	50.7354	878.81	188.556	146.851
2	-860.313	220.922	48.4814	881.993	188.664	147.664
2	-859.24	220.482	50.1787	879.514	188.074	140.258
2	-855.604	219.642	46.8196	877.153	188.684	140.303
2	-859.612	220.771	50.6724	874.229	188.123	140.218
2	-858.179	220.101	48.5261	877.824	189.63	146.225
2	-856.483	217.344	46.3572	870.493	190.743	143.671
2	-857.032	216.443	48.4067	863.337	190.84	140.32
2	-855.951	215.161	48.9668	859.465	188.993	139.381
2	-857.589	213.828	49.4675	862.678	187.988	138.331
2	-852.341	212.804	41.4451	860.026	186.657	136.854
2	-853.576	218.055	47.6616	858.165	188.395	138.223
2	-854.449	217.147	45.0955	854.694	189.272	134.288
2	-851.758	218.184	39.6975	853.964	190.847	135.26
2	-854.459	219.455	46.6833	855.105	188.526	132.212
2	-852.941	218.657	42.8193	853.991	189.705	133.049
2	-854.186	213.595	44.3269	851.107	184.624	132.267
2	-854.571	212.111	45.4014	850.707	188.016	133.915
2	-852.81	214.181	43.3069	851.192	189.033	134.878
2	-853.581	214.271	43.2612	858.302	188.366	133.594
2	-852.922	216.404	41.5283	857.561	190.767	136.692
2	-856.081	220.18	40.7568	858.683	191.942	139.317
2	-852.678	220.979	40.5701	857.892	191.594	138.086
2	-856.618	222.439	41.3611	859.539	192.222	140.97
2	-859.765	222.888	44.1799	858.863	191.38	139.237
2	-857.321	220.365	42.313	859.659	191.612	139.639
2	-858.787	224.79	45.8931	858.958	190.457	135.246
2	-859.08	225.896	44.1123	855.909	188.604	138.676
2	-855.748	222.315	44.2834	853.779	184.628	135.632
2	-851.061	219.551	39.9937	849.687	187.378	132.62
2	-853.308	222.515	40.0557	850.161	191.012	132.737
2	-854.745	222.18	35.759	850.637	192.346	133.127
2	-855.783	224.583	34.8242	850.703	189.244	135.092
2	-853.197	222.956	37.1316	846.226	188.202	135.868
2	-852.733	222.278	42.1501	851.995	187.72	136.511
2	-852.551	221.876	42.4121	846.809	187.123	133.345
2	-851.952	219.81	41.8872	847.881	189.168	137.198
2	-851.22	219.809	42.4116	848.447	187.45	138.776
2	-879.083	97.3323	-16.5719	817.352	86.0383	104.456
2	-881.492	96.1599	-14.3787	818.479	88.6244	102.473
2	-882.451	92.6512	-11.7805	816.314	83.0244	96.5582
2	-883.888	91.9619	-10.9181	814.718	84.2508	97.7163
2	-884.714	90.5171	-11.4257	814.53	86.2115	94.8319
2	-883.374	89.0284	-8.56677	817.899	89.6861	92.7075
2	-881.066	87.3992	-9.29834	820.354	89.2891	91.2145
2	-878.248	86.5328	-10.6821	823.584	90.142	90.7421
2	-880.178	85.2021	-10.4326	824.702	89.7472	84.5095
2	-880.512	86.1199	-12.3517	828.046	96.5262	82.8175
2	-879.446	86.6472	-13.4346	832.979	99.1685	82.5815
2	-877.575	86.9805	-14.7355	835.387	104.063	82.1105
2	-877.813	85.1868	-12.8701	827.755	105.395	76.2927
2	-876.768	83.8282	-12.2224	829.163	107.212	75.0328
2	-876.088	82.1719	-11.1267	829.49	107.38	70.2332
2	-876.721	82.3123	-7.62524	829.641	109.913	69.7366
2	-870.257	79.5186	-5.23572	830.578	107.274	67.8547
2	-864.019	81.3651	-2.8717	831.511	106.786	67.5239
2	-862.293	80.342	-1.55701	836.124	102.448	63.3217
2	-860.571	85.7829	0.86499	837.645	109.016	65.5648
2	-859.545	84.6556	3.50037	840.183	109.79	63.3074
2	-858.499	88.0974	4.49854	842.184	108.982	60.6439
2	-858.439	91.3848	4.21375	842.778	107.954	59.892
2	-863.592	86.8227	7.13977	844.128	107.938	61.0778
2	-863.404	89.596	5.71899	844	108.831	61.0238
2	-861.852	88.6633	6.42871	849.001	102.903	56.5321
2	-860.611	86.2962	5.71875	851.921	99.1377	53.2084
2	-858.29	84.3008	3.30725	852.711	97.2543	51.2252
2	-858.138	85.7309	5.00928	849.917	96.0484	48.3049
2	-858.03	87.9697	6.04065	850.777	99.7907	47.5967
2	-858.435	90.1751	6.04028	851.077	101.016	46.5344
2	-858.422	91.2497	6.73669	851.8	103.124	46.8289
2	-857.956	91.0845	7.58582	850.654	104.232	45.832
2	-858.288	90.7614	8.74524	849.339	101.245	47.7057
2	-858.448	89.4496	9.04907	850.228	101.594	46.7052
2	-859.736	88.8587	11.7037	851.606	100.806	47.8789
2	-860.427	88.6539	13.0717	851.742	100.36	46.2338
2	-860.297	89.9298	12.9065	851.564	101.571	45.3181
2	-862.248	88.8971	16.0356	850.399	102.259	47.0217
2	-862.724	89.5974	17.1467	849.535	104.129	48.1925
2	-862.093	91.0914	17.2285	851.216	104.994	49.6826
2	-861.245	90.6956	17.1431	850.869	104.447	48.0566
2	-862.133	90.7457	19.4785	851.312	102.486	47.8431
2	-861.034	84.6172	21.6089	851.199	100.906	47.8722
2	-863.531	84.7237	27.1262	850.759	101.59	48.5548
2	-865.879	84.7984	27.6272	845.625	99.4137	50.4198
2	-865.634	82.1408	25.2227	846.918	101.521	52.8063
2	-867.28	84.0604	27.8538	848.108	101.323	49.7213
2	-868.28	81.4907	27.3953	846.897	100.889	50.4845
2	-867.308	80.0039	25.7411	845.642	99.0603	49.6584
2	-864.391	77.8157	26.2606	843.923	98.742	47.145
2	-862.831	76.9338	27.8082	844.966	100.094	45.3453
2	-860.876	75.7802	26.5824	844.885	101.05	43.1335
2	-860.629	75.3157	28.2972	846.215	100.896	43.5702
2	-860.438	75.7764	28.7455	849.401	102.899	45.9806
2	-860.552	77.58	26.2225	848.239	105.331	42.3655
2	-860.518	77.6245	30.439	847.044	103.73	41.3422
2	-861.02	74.5216	33.568	847.319	100.259	39.8372
2	-859.922	79.3968	36.9146	851.47	98.5137	40.3248
2	-861.621	81.4917	37.0747	851.023	98.4999	40.1329
2	-863.943	82.4782	40.2736	853.792	95.9693	38.9678
2	-863.399	80.3042	38.9731	853.292	93.3072	37.7234
2	-858.59	78.9942	39.0463	852.593	92.1485	37.4712
2	-855.977	76.3968	39.4502	852.154	91.3776	38.1215
2	-855.857	78.2244	40.4279	852.101	90.6954	36.9952
2	-856.403	75.8752	37.9435	852.245	90.8924	35.3424
2	-855.326	71.7301	41.2643	851.539	91.6687	34.2694
2	-853.129	69.4133	40.756	852.419	91.53	35.2806
2	-855.028	71.8949	38.8691	851.178	93.4858	36.5128
2	-858.679	74.1669	40.9501	851.178	93.4858	36.5128
2	-861.596	73.5503	42.1056	851.741	94.6147	39.1743
2	-857.085	73.5038	41.4237	854.975	90.6445	38.9174
2	-857.406	76.8224	43.6718	854.954	90.1784	38.5771
2	-862.097	78.8549	46.0027	852.955	91.4513	43.6731
2	-857.565	74.4379	42.1527	853.98	91.9013	43.3231
2	-854.379	73.8451	40.1748	856.195	90.9091	43.0391
2	-850.454	71.1882	39.9279	851.389	94.0965	46.5792
2	-851.736	74.0938	40.0808	853.407	92.3524	45.4641
2	-850.126	69.3584	41.8781	851.749	92.4672	46.5896
2	-849.844	68.6503	40.2153	848.092	94.2885	50.328
2	-851.628	73.1436	41.5883	847.891	98.9383	52.9725
2	-852.91	76.6493	42.8156	849.915	101.715	54.3833
2	-852.952	76.8242	44.6842	847.175	100.395	53.9792
2	-850.052	74.2037	42.5139	847.454	98.0907	54.5605
2	-848.033	71.1604	40.5575	848.463	95.3652	54.3251
2	-850.417	74.797	42.7502	849.972	96.8598	53.835
2	-849.304	69.8967	43.9923	851.993	100.207	55.267
2	-847.936	70.3213	41.9175	854.65	101.78	57.4403
2	-847.354	71.8544	41.84	854.861	104.171	55.958
2	-848.184	72.5086	43.8612	854.407	102.504	53.512
2	-847.526	69.608	44.4623	853.98	100.689	52.7062
2	-849.952	69.3566	41.2195	852.526	101.585	52.2599
2	-850.146	71.2698	41.4484	852.774	99.5279	51.9496
2	-854.174	72.4866	42.4869	853.904	99.2928	51.432
2	-854.445	73.4781	45.1393	853.045	98.8903	48.525
2	-853.534	74.2305	46.4143	849.574	96.8752	48.3374
2	-856.315	74.7962	45.7433	851.331	97.2996	51.4644
2	-855.214	74.2252	47.6594	852.511	97.5408	50.0175
2	-854.486	76.8293	49.7389	851.828	95.6734	51.11
2	-853.734	78.5373	50.7618	851.272	94.8455	51.9276
2	-852.444	76.6495	50.2432	850.744	93.8346	52.1918
2	-852.804	75.5178	50.375	849.329	93.5864	50.4364
2	-855.293	79.3501	51.5924	849.604	95.6578	54.2477
2	-854.064	78.7064	49.4983	852.192	92.4408	49.2588
2	-853.833	77.1286	50.0454	852.589	93.1443	45.6534
2	-857.622	76.1609	50.694	854.376	95.4494	46.9857
2	-860.152	75.4365	49.5255	855.981	95.6912	48.0403
2	-862.179	76.2208	49.3379	855.404	98.9606	50.4004
2	-861.302	76.9021	46.76	856.911	97.5338	49.8385
2	-860.943	78.8542	45.5726	855.955	93.4101	46.8206
2	-859.809	86.7731	43.7601	856.915	93.8431	45.6239
2	-855.673	92.3913	45.0511	855.954	95.5714	42.9359
2	-859.967	93.3862	45.9923	854.379	99.2744	43.0134
2	-860.099	95.7369	48.5835	855.655	104.89	47.1525
2	-857.349	98.9737	50.575	856.166	108.309	47.8375
2	-853.109	103.423	50.9601	855.646	111.406	47.6104
2	-854.915	104.912	51.1925	859.427	113.358	46.827
2	-857.335	107.354	52.9984	858.858	118.14	46.1489
2	-859.541	110.684	55.6567	858.678	123.857	47.2299
2	-862.82	118.612	58.2075	859.704	129.414	50.3965
2	-857.413	128.78	59.0433	864.832	138.724	52.9037
2	-859.772	135.576	60.1144	869.051	141.106	52.2524
2	-860.476	141.552	64.2251	866.966	145.776	52.6864
2	-858.546	146.681	63.8097	867.042	148.938	50.1836
2	-855.549	156.584	65.7626	868.869	153.865	51.1259
2	-858.068	162.506	66.8866	872.774	161.389	53.7416
2	-859.519	168.943	70.3364	870.743	169.411	56.6831
2	-861.937	175.454	73.2926	873.275	175.952	57.8684
2	-859.047	184.169	77.9608	872.419	182.333	60.6226
2	-858.296	193.738	79.4404	871.912	191.332	60.032
2	-859.23	199.487	81.6025	872.851	195.929	57.2289
2	-859.309	213.944	82.4813	873.278	202.944	54.9264
2	-863.362	225.293	87.4406	876.694	210.599	60.561
2	-865.792	229.178	85.0919	873.515	219.994	57.9476
2	-862.63	237.455	86.7174	870.236	229.743	58.6102
2	-860.743	242.683	89.5173	865.216	235.593	57.62
2	-861.855	251.812	92.2072	865.216	247.171	58.2489
2	-860.203	257.483	93.2292	865.826	255.77	60.7987
2	-857.033	261.137	90.7784	863.307	261.888	58.9131
2	-854.26	263.796	88.2994	866.397	268.512	57.2684
2	-855.053	275.873	94.082	864.671	277.508	60.4448
2	-850.107	284.992	94.3315	863.282	279.761	58.5204
2	-848.274	290.327	95.2235	865.424	295.048	60.7289
2	-848.591	296.216	96.1458	864.433	301.12	57.4272
2	-821.855	-98.6083	32.9463	775.635	-104.246	73.5566
2	-820.282	-98.4759	32.4214	781.987	-106.132	80.0928
2	-822.851	-97.8743	30.0579	779.812	-106.319	73.6667
2	-823.699	-96.2322	31.3933	781.826	-107.914	74.7231
2	-815.581	-88.1989	25.554	793.641	-99.5403	77.3606
2	-814.443	-90.9132	23.4509	799.738	-101.263	77.3208
2	-814.653	-90.8937	30.7683	807.132	-97.548	74.6458
2	-805.382	-88.349	26.1199	799.516	-102.167	68.1179
2	-808.566	-88.8827	29.3	792.985	-102.694	63.4863
2	-810.646	-90.6089	27.8374	790.858	-104.822	63.656
2	-812.462	-94.0295	37.8865	790.179	-107.276	61.1104
2	-814.833	-97.2843	40.4841	788.863	-106.579	60.5073
2	-818.248	-106.158	54.2712	789.162	-104.219	62.7817
2	-821.878	-103.789	56.6934	789.364	-103.874	61.4155
2	-823.48	-104.519	57.9275	791.181	-104.103	68.6365
2	-822.905	-101.927	54.3606	790.175	-103.766	66.5149
2	-821.116	-101.395	51.4653	789.685	-106.965	68.3401
2	-817.194	-99.8533	46.3345	788.687	-108.692	63.6111
2	-816.945	-99.8472	48.1155	787.075	-108.2	62.4465
2	-816.823	-101.474	48.3457	787.119	-111.352	61.7417
2	-808.641	-96.581	36.8357	785.057	-112.628	57.4019
2	-810.463	-98.3137	42.5974	783.437	-111.201	55.0115
2	-812.971	-100.271	46.1858	785.054	-109.555	55.054
2	-814.959	-102.158	45.9028	785.284	-109.009	53.9753
2	-816.019	-103.396	49.0142	785.271	-108.23	55.8635
2	-815.236	-103.666	47.9067	786.907	-107.125	60.5581
2	-818.568	-104.254	52.3901	784.517	-107.646	56.217
2	-822.668	-106.156	60.3257	783.773	-106.644	58.8113
2	-825.478	-104.856	60.5244	785.026	-106.465	61.3889
2	-821.945	-105.902	56.8972	785.048	-105.613	63.1404
2	-807.599	-104.681	51.8831	785.229	-107.114	61.3826
2	-810.316	-104.526	55.9336	787.653	-107.26	59.698
2	-803.688	-99.7349	52.4583	785.804	-108.995	64.1362
2	-796.521	-100.596	47.2668	784.989	-109.521	64.7871
2	-804.66	-103.607	55.6655	781.362	-105.373	66.1931
2	-799.137	-102.97	51.4414	775.676	-105.17	67.0352
2	-797.545	-107.467	49.9119	772.989	-103.273	68.5623
2	-795.382	-100.103	47.8577	776.611	-109.697	73.5486
2	-796.195	-104.511	50.043	771.618	-105.109	68.1531
2	-794.959	-96.7748	49.2144	768.388	-101.569	67.9673
2	-795.449	-102.529	48.8955	767.283	-107.352	66.8398
2	-795.082	-105.794	49.9863	769.538	-102.339	69.927
2	-804.045	-109.756	53.7058	770.237	-102.288	69.9839
2	-800.677	-110.681	48.0647	771.099	-99.5209	64.6824
2	-808.952	-112.821	56.5532	772.927	-104.605	60.8604
2	-802.75	-116.616	59.0266	773.512	-106.72	56.4346
2	-798.219	-115.661	52.4592	775.96	-108.378	58.2329
2	-793.208	-109.079	47.0076	777.953	-107.75	62.4604
2	-791.093	-103.879	47.0562	776.739	-103.287	68.1482
2	-791.626	-107.042	43.4343	774.928	-102.167	65.6536
2	-793.072	-109.098	45.5701	770.803	-107.551	62.2473
2	-793.732	-109.989	44.6807	768.402	-105.376	64.9441
2	-795.462	-111.483	48.9717	771.198	-101.319	66.8428
2	-792.28	-106.875	44.6301	772.76	-108.036	65.5381
2	-792.179	-98.4286	47.342	772.336	-107.969	64.7634
2	-792.224	-103.359	45.2388	772.576	-110.329	63.54
2	-789.133	-102.198	42.9319	777.08	-112.759	67.6648
2	-784.476	-103.013	40.5654	782.927	-108.406	74.5139
2	-786.374	-97.511	44.2639	778.301	-115.441	64.8015
2	-787.235	-99.6607	44.5312	777.551	-115.524	71.344
2	-794.033	-105.112	51.9824	777.836	-116.419	73.7842
2	-807.014	-114.538	57.6252	777.574	-114.92	69.0293
2	-813.78	-109.4	52.7285	779.362	-111.535	70.4707
2	-806.559	-100.954	51.7207	780.206	-108.432	71.3335
2	-798.581	-100.443	49.9661	777.886	-106.024	67.7258
2	-798.524	-106.503	55.5017	781.878	-105.899	73.6196
2	-796.299	-98.5921	53.0435	781.994	-107.993	71.061
2	-793.631	-94.1838	49.6489	775.673	-110.175	68.6599
2	-792.027	-96.293	49.8997	775.211	-106.37	69.1406
2	-792.526	-101.026	46.6162	770.598	-107.94	67.6389
2	-801.017	-109.532	49.0515	771.231	-104.675	66.3201
2	-797.882	-112.146	50.624	774.894	-104.323	69.9185
2	-796.566	-102.202	53.9197	772.034	-107.882	67.3757
2	-793.27	-99.971	51.175	773.527	-101.718	70.3486
2	-793.199	-103.566	50.1055	771.333	-104.741	69.9321
2	-793.993	-106.191	48.7859	768.712	-107.675	66.791
2	-791.329	-107.221	51.2917	770.601	-114.184	65.0132
2	-791.178	-109.016	49.2761	777.574	-115.628	69.8115
2	-792.122	-112.395	48.6826	775.995	-112.654	74.1685
2	-798.375	-107.444	47.0264	773.472	-109.836	74.6272
2	-796.025	-108.492	43.4211	770.697	-109.659	71.415
2	-792.754	-110.582	41.9658	768.124	-111.42	67.6768
2	-792.669	-111.632	42.8894	767.282	-111.397	68.2729
2	-795.151	-107.489	46.9133	770.457	-110.03	72.564
2	-806.553	-107.747	52.6641	782.605	-112.781	74.342
2	-801.874	-105.308	52.9707	782.002	-115.489	70.6294
2	-804.903	-105.696	54.8313	785.276	-116.911	76.5884
2	-813.509	-110.377	55.4133	782.5	-119.547	70.0779
2	-813.485	-111.89	55.4319	782.015	-119.294	71.6609
2	-808.443	-104.612	60.1968	781.098	-114.25	74.4236
2	-804.717	-107.807	58.9583	779.642	-117.417	72.7043
2	-808.308	-113.391	62.7124	778.862	-118.692	70.8511
2	-802.337	-117.772	59.7578	786.533	-116.225	71.0664
2	-803.257	-120.161	65.1248	782.891	-118.567	69.9878
2	-810.894	-119.609	70.3315	779.617	-117.473	70.7041
2	-808.199	-123.757	69.9805	782.908	-115.934	75.2217
2	-807.649	-128.11	74.8428	781.641	-109.872	75.0647
2	-806.068	-131.508	73.5266	780.525	-118.426	72.2886
2	-795.915	-122.29	57.739	778.684	-120.043	67.9475
2	-790.527	-115.874	54.7751	780.791	-115.253	66.2043
2	-787.677	-113.22	55.6191	779.928	-117.56	67.4771
2	-791.266	-118.522	64.252	779.36	-119.643	69.4341
2	-796.405	-124.412	67.5107	782.146	-116.595	71.8047
2	-796.854	-126.903	65.4329	779.405	-115.506	69.179
2	-794.96	-127.817	61.7539	776.466	-118.293	66.1321
2	-795.827	-125.545	59.4846	775.555	-119.837	66.2
2	-795.968	-124.586	59.7344	774.403	-120.002	66.4917
2	-797.541	-124.981	60.0217	773.57	-121.482	67.0571
2	-798.054	-126.198	62.9565	771.182	-119.033	60.6267
2	-796.459	-124.575	61.739	770.884	-119.345	62.3398
2	-797.396	-125.15	64.9143	771.928	-120.66	64.8787
2	-799.336	-125.039	62.7686	772.3	-121.507	61.8723
2	-798.582	-125.143	60.2463	774.893	-122.183	65.094
2	-802.434	-126.984	64.9817	773.84	-122.467	65.0706
2	-799.773	-128.398	63.4121	774.134	-119.166	66.2285
2	-801.012	-128.27	70.1099	773.148	-114.843	62.9756
2	-802.193	-128.448	71.2971	774.082	-118.696	64.636
2	-802.003	-127.306	66.4275	773.845	-117.223	65.7205
2	-803.05	-127.803	69.9834	773.292	-115.081	65.0115
2	-801.897	-127.951	68.1528	780.83	-117.18	62.271
2	-799.383	-126.687	72.061	784.717	-115.837	61.7361
2	-799.566	-124.734	70.1328	780.363	-112.878	63.8152
2	-796.658	-125.632	66.4675	777.317	-117.633	63.2053
2	-794.96	-127.697	63.1328	776.4	-122.03	66.218
2	-798.447	-126.222	57.7966	773.783	-120.779	68.1201
2	-802.348	-127.882	59.843	772.567	-120.082	68.6082
2	-806.256	-126.786	64.7908	772.849	-120.573	71.1328
2	-806.308	-123.637	65.9561	773.362	-117.707	68.2483
2	-804.703	-121.754	66.7886	771.522	-116.405	64.2124
2	-798.662	-123.837	58.2883	769.803	-119.976	63.4766
2	-798.585	-124.572	61.8325	769.445	-119.118	62.8406
2	-799.327	-128.1	63.1211	770.357	-122.879	65.6406
2	-800.51	-130.679	69.7515	771.106	-125.87	65.2009
2	-801.568	-131.634	68.5139	772.72	-126.791	67.0237
2	-802.056	-129.712	72.6633	773.135	-123.866	65.1213
2	-802.818	-129.883	69.6482	773.315	-128.45	60.9458
2	-803.719	-128.223	70.6851	772.056	-125.609	63.5823
2	-800.759	-129.886	73.1567	771.922	-126.028	64.7129
2	-802.984	-133.047	72.5464	771.92	-126.01	67.6096
2	-804.348	-132.811	72.532	771.578	-123.832	65.7397
2	-804.407	-134.715	74.3757	769.129	-123.222	63.4897
2	-802.784	-136.947	71.51	769.146	-123.125	65.6323
2	-800.788	-136.351	70.895	771.425	-122.041	68.2031
2	-789.224	-131.496	68.3723	783.898	-126.988	76.9197
