GRT_LABELLED_CLASSIFICATION_DATA_FILE_V1.0
DatasetName: NOT_SET
InfoText: 
NumDimensions: 3
TotalNumExamples: 742
NumberOfClasses: 2
ClassIDsAndCounters: 
1	450	NOT_SET
2   292 NOT_SET
UseExternalRanges: 0
Data:
1	-23.4047	488.712	1962.1
1	-24.6552	488.017	1963.2
1	-22.3506	488.524	1962.96
1	-23.1092	487.986	1963.26
1	-24.4026	490.206	1963.62
1	-21.6591	492.88	1964.52
1	-18.3665	495.791	1966.23
1	-19.2746	494.455	1965.34
1	-20.8149	495.682	1966.47
1	-20.5677	496.142	1965.45
1	-18.5744	496.086	1964.93
1	-18.5016	495.457	1965.76
1	-17.4844	495.973	1966.71
1	-20.5178	495.446	1966.73
1	-21.2671	494.103	1965.4
1	-21.9616	494.33	1968.01
1	-22.8145	495.897	1967.11
1	-21.8061	495.616	1964.59
1	-18.64	494.616	1965.35
1	-19.5046	496.135	1964.42
1	-18.6916	496.939	1965.31
1	-18.1256	497.993	1964.72
1	-20.3119	499.871	1965.23
1	-22.0512	499.816	1966.46
1	-21.5337	502.182	1967.92
1	-18.1621	501.418	1965.73
1	-16.6519	500.507	1966.42
1	-17.1763	500.507	1965.95
1	-17.2445	501.095	1968.19
1	-16.9301	500.453	1964.33
1	-18.0775	502.193	1968.57
1	-13.3347	500.844	1967.04
1	-12.324	502.822	1965.13
1	-12.2423	502.195	1964.21
1	-10.652	502.215	1963.19
1	-10.7513	501.35	1960.49
1	-7.01246	501.282	1959.91
1	-10.7677	500.728	1960.45
1	-8.92044	501.534	1961.11
1	-5.3096	501.8	1961.09
1	-4.96382	503.868	1962.82
1	-6.72663	504.147	1961.89
1	-7.70193	506.389	1962.95
1	-7.95556	506.813	1962.89
1	-8.71283	507.852	1963.53
1	-9.42107	507.64	1959.93
1	-10.1681	506.943	1961.44
1	-7.8728	506.804	1960.49
1	-7.84418	507.466	1960.26
1	-7.1241	506.399	1960.83
1	0.815248	507.489	1960.14
1	-3.92787	506.609	1959.37
1	-5.83723	506.392	1958.77
1	-7.04034	507.126	1960.53
1	-9.75149	508.125	1959.33
1	-9.93163	506.956	1959.94
1	-9.00998	506.256	1958.17
1	-8.76487	504.7	1957.72
1	-8.64113	503.947	1958.97
1	-7.92504	506.289	1957.12
1	-2.47183	506.626	1957.79
1	-5.44537	504.702	1956.97
1	-6.89651	505.279	1957.25
1	-6.79021	506.849	1958.06
1	-8.51246	507.272	1958.31
1	-7.12605	504.927	1958.86
1	-4.849	506.909	1959.84
1	-4.98533	505.342	1958.77
1	-5.7113	503.96	1956.45
1	-2.48151	506.249	1955.76
1	-11.5401	503.404	1956.97
1	-8.97158	505.642	1959.79
1	-6.56698	505.499	1959.23
1	-4.18688	504.767	1957.73
1	-4.76461	508.39	1959.2
1	-3.15552	508.709	1959.38
1	-4.83697	507.211	1960.78
1	-5.16123	505.513	1959.26
1	-4.09805	506.384	1958.68
1	-5.75336	506.461	1957.34
1	-7.57172	506.312	1956.42
1	-6.50069	505.587	1958.81
1	-7.40023	506.414	1959.93
1	-9.69665	503.057	1955.95
1	-9.80184	501.499	1958.69
1	-11.5856	501.204	1956.44
1	-9.61541	499.389	1956.94
1	-5.03763	501.929	1958.61
1	-9.12018	499.732	1958.75
1	-12.0352	501.343	1959.65
1	-9.76448	503.824	1961.42
1	-11.0932	505.094	1962.07
1	-11.1649	505.367	1961.28
1	-8.21104	505.635	1960.02
1	-7.71106	506.353	1961
1	-7.33399	505.623	1962.24
1	-7.26356	509.259	1961.23
1	-7.80093	506.846	1960.96
1	-8.07814	507.853	1962.18
1	-2.9292	507.543	1963.06
1	-4.29498	506.398	1960.55
1	-2.14495	508.098	1960.91
1	-8.6124	506.389	1962.62
1	-6.74339	506.05	1961.45
1	-3.81156	509.455	1963.19
1	-6.40064	508.87	1960.65
1	-9.37048	504.318	1962.16
1	-14.8641	504.49	1965.22
1	-10.4749	504.959	1961.64
1	-4.06301	508.11	1963.52
1	-9.85489	506.215	1965.23
1	-9.07095	507.606	1964.68
1	-6.88483	509.791	1965.18
1	-7.92801	507.355	1965.31
1	-9.09934	506.527	1964.25
1	-8.73068	506.14	1966.16
1	-9.0568	504.701	1964.06
1	-12.1042	504.885	1965.19
1	-10.7912	505.226	1965.31
1	-8.92888	506.878	1964.77
1	-7.37523	504.177	1962.71
1	-8.24705	504.608	1965.68
1	-11.3697	506.426	1965.99
1	-10.6991	507.474	1968.33
1	-8.37438	510.283	1967.72
1	-4.8328	510.3	1965.44
1	-7.88799	511.414	1965.21
1	-8.17314	509.093	1964.73
1	-10.0699	509.813	1964.76
1	-6.80045	511.596	1966.72
1	-6.0902	512.364	1966.71
1	-5.84459	512.693	1967.74
1	-5.73829	513.363	1965.05
1	-8.01076	513.253	1967.39
1	-8.69898	512.113	1967.17
1	-7.16535	512.953	1967.2
1	-6.73483	512.054	1967.9
1	-6.14143	511.812	1967.05
1	-6.29017	513.208	1967.68
1	-4.34261	513.112	1968.25
1	-6.57759	509.974	1966.7
1	-6.61428	511.017	1966.5
1	-6.14192	509.977	1966.83
1	-6.64106	510.961	1967.63
1	-4.9317	511.743	1964.21
1	-2.96393	510.8	1966.52
1	-6.36492	512.895	1966.92
1	-7.93204	509.863	1963.93
1	-7.57163	508.868	1965.63
1	-6.64967	508.846	1965.79
1	-15.1474	525.086	2015.53
1	-15.7651	525.289	2015.46
1	-15.9084	524.58	2015.91
1	-15.0627	526.122	2015.57
1	-17.91	524.296	2016.43
1	-14.3848	524.676	2014.59
1	-14.833	526.724	2016.64
1	-11.4794	521.434	2012.49
1	-11.5931	518.668	2017.75
1	-15.6904	517.701	2016.23
1	-14.6253	519.72	2016.21
1	-12.7473	519.948	2013.69
1	-13.3957	519.259	2015.64
1	-14.6766	520.152	2015.9
1	-12.4343	522.13	2014.91
1	-10.6958	519.875	2015.56
1	-9.2468	518.769	2014.66
1	-8.95927	518.54	2014.24
1	-6.62839	518.376	2014.5
1	-5.12281	523.362	2015.75
1	-7.55874	518.786	2012.53
1	-10.1346	520.549	2016.93
1	-10.1745	520.057	2015.4
1	-14.0398	522.448	2016.62
1	-14.1896	521.654	2018.7
1	-12.3226	520.246	2017.23
1	-10.6683	521.665	2016.85
1	-11.6735	520.381	2017.09
1	-10.759	521.321	2017.69
1	-10.7245	520.497	2016.65
1	-10.727	521.25	2018.05
1	-13.1037	520.844	2017.28
1	-10.5766	518.139	2015.37
1	-14.2364	520.188	2018.17
1	-14.6778	521.56	2018.1
1	-13.524	522.054	2017.77
1	-13.9694	521.192	2016.32
1	-13.1133	521.803	2015.03
1	-11.948	521.193	2017.35
1	-10.677	521.773	2018.48
1	-12.8862	521.507	2013.29
1	-15.5444	520.692	2016.29
1	-15.102	522.074	2017.87
1	-14.232	522.836	2017.84
1	-15.6679	522.405	2020.8
1	-18.2576	520.575	2018.67
1	-17.7827	519.629	2019.65
1	-13.5399	520.701	2015.49
1	-15.369	522.665	2016.91
1	-14.5569	520.758	2016.99
1	-14.4574	519.696	2016.85
1	-11.7163	520.919	2016.74
1	-15.6841	521.655	2014.32
1	-15.1706	520.961	2017
1	-10.5224	520.941	2015.29
1	-10.2986	521.881	2016.47
1	-14.0128	522.915	2014.32
1	-9.15856	520.969	2014.71
1	-7.73447	519.625	2014.6
1	-9.44851	524.331	2015.69
1	-8.31457	522.542	2015
1	-5.07552	520.943	2013.72
1	-3.03882	520.013	2014.7
1	-6.56926	520.487	2013.69
1	-10.711	522.854	2015.06
1	-4.1069	518.461	2014.38
1	-10.3253	518.894	2016.61
1	-9.29504	521.572	2014.36
1	-10.4346	523.02	2015.25
1	-11.3951	523.726	2016.55
1	-9.99547	523.939	2017.33
1	-9.21509	523.67	2014.04
1	-14.3557	526.987	2018.7
1	-8.70457	524.003	2017.63
1	-7.54668	520.463	2016.32
1	-6.37179	520.489	2016.74
1	-5.98556	519.388	2018.18
1	-6.10208	519.544	2017.15
1	-5.17307	521.53	2019.16
1	-5.69285	520.898	2018.55
1	-7.35086	519.029	2016.77
1	-6.74769	519.331	2019.01
1	-2.60282	521.546	2019.52
1	-6.32254	520.813	2017.83
1	-8.36564	519.369	2018.69
1	-8.88196	520.527	2018.84
1	-11.689	520.851	2020.24
1	-1.28897	520.687	2019.41
1	-7.19002	521.608	2023.52
1	-7.30433	520.821	2022.59
1	-6.38983	519.933	2020.77
1	-4.41586	520.269	2019.82
1	-6.49581	515.897	2020.1
1	-6.48985	516.382	2023.84
1	-7.43724	512.854	2019.92
1	-6.76982	515.73	2022.17
1	-5.62414	516.914	2024.61
1	-1.08991	513.366	2020.76
1	-6.77712	514.559	2021.6
1	-4.29487	515.914	2022.75
1	-3.93251	511.347	2023.53
1	-3.57917	515.636	2020.45
1	-2.88418	517.552	2019.73
1	-4.31754	516.999	2023.23
1	-5.79532	514.737	2020.98
1	-6.83535	517.119	2022.73
1	-4.15981	519.482	2021.65
1	-6.22162	520.02	2020.64
1	-7.37827	519.653	2021.76
1	-6.12072	520.223	2022.28
1	-4.61234	518.69	2021.05
1	-2.21762	520.758	2021.81
1	-4.12132	521.457	2020.97
1	-6.00118	520.659	2022.28
1	-6.38636	520.241	2020.19
1	-7.06055	524.285	2022.44
1	-7.01763	522.546	2021.33
1	-5.13752	520.974	2021.33
1	-3.8735	523.033	2021.33
1	-3.59985	522.548	2020.47
1	-1.25244	525.378	2019.74
1	-2.01592	525.832	2016.88
1	-2.62742	525.227	2019.4
1	-2.50094	524.66	2018.92
1	-2.54558	525.616	2017.65
1	-0.885312	524.049	2018.74
1	-0.872447	525.068	2019.71
1	-0.870346	526.359	2016.85
1	1.4362	526.997	2013.89
1	-0.193928	523.006	2015.75
1	0.0726068	523.72	2016.27
1	1.95633	526.368	2016.42
1	0.98197	526.346	2016.7
1	-0.149926	525.901	2015.8
1	-0.962162	526.302	2013.19
1	-2.44286	527.336	2013.78
1	-2.5433	523.744	2012.86
1	-3.92667	523.032	2013.76
1	-2.48695	524.132	2013.37
1	-3.69282	527.223	2014.92
1	-4.76207	524.495	2013.76
1	-4.33164	525.211	2014.98
1	-4.37423	524.22	2011.21
1	-3.17423	527.489	2014.02
1	-5.56593	525.189	2012.21
1	-5.82696	523.103	2011.53
1	-0.739882	523.505	2012.46
1	-2.19981	524.584	2010.87
1	-3.00712	526.747	2011.67
1	-5.4938	529.633	2013.52
1	25.5438	512.02	2007.73
1	25.5651	513.941	2008.05
1	26.0265	513.798	2007.92
1	27.7632	518.407	2006.24
1	26.9283	518.927	2006.94
1	27.1278	516.953	2008.84
1	29.5276	516.384	2006.06
1	31.2219	517.781	2007.27
1	31.1868	516.73	2007.54
1	31.4356	516.654	2008.06
1	26.9188	516.434	2005.83
1	28.1735	517.299	2009.79
1	29.0785	518.644	2009.12
1	29.5231	518.935	2009.62
1	31.7548	520.725	2008.05
1	31.7261	519.682	2008.02
1	28.9369	519.055	2008.89
1	32.8841	518.943	2007.76
1	31.2492	518.27	2007.48
1	29.4166	519.984	2009.21
1	30.3566	520.387	2008.7
1	27.6969	517.874	2006.86
1	27.2553	517.907	2008.11
1	30.284	519.296	2010.18
1	31.0668	520.399	2009.37
1	30.0912	519.869	2008.56
1	33.7629	520.69	2007.55
1	31.6981	519.7	2008.4
1	29.2574	519.802	2008.2
1	28.7505	518.673	2005.91
1	29.2423	519.32	2011.18
1	31.6625	519.189	2008.78
1	31.7683	520.493	2007.16
1	27.3967	518.679	2010.12
1	25.7499	513.468	2009.68
1	26.0665	515.154	2011.29
1	26.9898	518.19	2010.59
1	23.0262	512.957	2007.11
1	20.8011	509.033	2009.47
1	23.0906	513.629	2011.07
1	28.5691	519.18	2011.57
1	32.269	523.016	2011.05
1	33.0242	523.689	2012.19
1	32.8695	522.795	2012.56
1	32.2939	523.827	2011.16
1	33.9412	522.104	2011.17
1	32.8902	522.231	2007.63
1	31.9638	523.67	2010.12
1	34.6463	524.832	2009.42
1	36.8416	522.975	2008.98
1	33.2293	522.145	2008.63
1	31.4499	522.959	2007.66
1	35.5156	524.305	2007.65
1	37.0992	521.273	2006.87
1	37.8773	524.462	2005.78
1	39.9561	522.864	2004.38
1	38.6074	522.867	2005.35
1	38.6005	522.045	2009.23
1	34.0909	520.878	2007
1	33.0453	520	2008.45
1	32.9279	523.049	2008.44
1	32.0719	522.945	2006.74
1	32.4409	522.632	2005.8
1	33.6294	524.517	2008.09
1	34.5617	524.782	2008.34
1	34.483	526.62	2007.24
1	37.5659	524.144	2008.1
1	35.4423	526.032	2006.26
1	33.3526	523.502	2007.06
1	35.9452	526.407	2007.81
1	39.2249	527.804	2005.74
1	38.7484	527.279	2006.2
1	39.9983	527.563	2008.7
1	41.6853	524.911	2004.48
1	42.5726	526.761	2006.75
1	38.3251	523.784	2004.96
1	38.6554	525.008	2004.7
1	35.882	524.271	2006.42
1	35.8873	524	2006.05
1	35.5031	525.695	2005.68
1	39.7588	523.468	2006.03
1	37.4242	526.681	2009.24
1	39.9996	523.849	2003.34
1	34.8719	523.86	2003.03
1	32.718	524.011	2005.11
1	35.1661	526.008	2005.69
1	35.8059	523.035	2005.6
1	37.5815	524.695	2004.03
1	36.591	525.01	2004.32
1	36.8582	527.839	2007.51
1	40.2991	534.544	2008.44
1	33.5216	529.953	2007.81
1	38.7271	534.474	2009.42
1	39.1959	535.414	2009.67
1	35.3753	535.017	2010
1	35.1945	536.459	2009.92
1	35.7681	534.839	2007.9
1	36.7406	534.571	2008.59
1	34.667	533.966	2010.82
1	38.4369	534.082	2008.4
1	34.9467	532.019	2010.15
1	36.9194	535.7	2006.32
1	40.6422	534.476	2009.63
1	37.2207	534.604	2008.05
1	32.06	530.649	2009.14
1	40.2937	536.79	2010.02
1	41.9378	540.533	2010.99
1	39.603	543.227	2011.89
1	45.6864	544.688	2010.09
1	48.8915	542.541	2007.54
1	44.4306	537.819	2008.23
1	38.0555	537.433	2009.22
1	35.9177	529.235	2008.67
1	35.3169	525.196	2010.66
1	39.3056	523.998	2007.27
1	38.3842	526.858	2008.57
1	41.6415	528.612	2008.19
1	38.0974	526.904	2009.1
1	36.0004	526.206	2009.7
1	33.735	526.948	2011.03
1	38.3167	529.596	2009.38
1	36.6628	525.037	2008.3
1	38.0912	526.579	2009.71
1	39.4909	526.73	2009.44
1	36.6566	524.668	2007.58
1	39.4984	527.352	2009.36
1	36.1336	527.29	2008.47
1	36.7893	525.742	2008.24
1	35.5524	525.231	2006.82
1	34.4114	525.451	2007.3
1	34.5499	526.188	2008.04
1	34.0048	524.864	2007.51
1	36.1477	525.087	2007.66
1	35.8979	526.321	2007.23
1	38.8779	523.319	2005.84
1	35.3234	523.722	2006.95
1	37.5867	525.71	2007.93
1	37.5166	522.21	2006.47
1	36.8493	523.982	2008.24
1	37.6628	524.637	2009.02
1	40.8108	523.453	2006.39
1	39.2678	523.839	2008.85
1	37.2377	526.12	2008.55
1	36.575	524.075	2008.43
1	39.2659	525.486	2007.13
1	35.828	524.894	2009.31
1	40.9142	526.069	2010.17
1	36.2281	526.668	2010.64
1	36.4424	526.197	2011.17
1	39.702	526.529	2009.03
2   -45.6594    457.395 2033.29
2   -116.844    468.526 2018.57
2   -111.299    461.829 2048.3
2   -38.2209    482.451 2066.31
2   33.7299 462.687 2082.94
2   51.3729 440.844 2084.61
2   27.5606 457.148 2079
2   -47.7859    482.674 2056.16
2   -126.72 476.76  2037.49
2   -128.378    485.662 2063.03
2   -70.2696    486.31  2068.58
2   -7.37154    489.08  2080.82
2   13.8513 479.516 2091.56
2   15.3821 481.78  2089.76
2   5.71821 498.848 2092.61
2   -7.80205    506.239 2085.48
2   -12.3315    495.729 2080.47
2   -7.52984    496.132 2086.33
2   14.9257 496.022 2098.27
2   41.4044 474.339 2100.01
2   75.0358 457.171 2106.16
2   102.34  417.933 2113.8
2   140.024 369.951 2124.33
2   176.326 324.607 2156.46
2   192.724 285.776 2170.56
2   195.47  256.123 2195.58
2   199.892 250.99  2215.15
2   203.081 240.419 2229.44
2   203.462 235.23  2238.05
2   186.604 225.384 2231.88
2   183.618 219.139 2237.96
2   240.896 210.344 2287.26
2   176.215 212.785 2243.62
2   180.365 212.301 2253.58
2   185.791 215.493 2255.49
2   176.49  211.612 2246.71
2   186.238 216.763 2249.98
2   191.164 216.933 2251.18
2   178.704 212.577 2242.2
2   184.598 214.906 2243.71
2   186.6   211.258 2243.23
2   186.219 213.909 2240.37
2   186.867 216.047 2239.02
2   191.842 222.43  2233.7
2   184.529 224.25  2232.26
2   183.845 227.368 2226.24
2   178.292 226.522 2227.78
2   176.637 230.514 2224.64
2   177.736 232.526 2224.7
2   177.277 231.761 2225.27
2   177.405 231.743 2227.42
2   178.018 230.932 2230.78
2   178.048 228.196 2225.21
2   176.68  226.759 2226.02
2   180.016 228.955 2233.61
2   178.065 227.004 2231.53
2   177.209 224.712 2232.79
2   179.483 217.329 2231.62
2   179.738 219.265 2232.28
2   176.332 223.338 2232.11
2   179.869 228.773 2237.27
2   179.756 229.759 2235.57
2   177.148 226.255 2237.79
2   169.841 222.313 2233.51
2   182.125 228.083 2237.69
2   168.559 223.124 2233.81
2   161.954 223.045 2234.02
2   156.429 225.65  2228.14
2   152.62  231.994 2228.5
2   149.243 239.648 2228.14
2   150.907 239.778 2226.18
2   150.996 240.401 2227.86
2   150.761 241.856 2225.24
2   146.618 240.632 2223.57
2   144.221 240.131 2225.64
2   147.419 239.74  2224.36
2   146.752 240.503 2223.43
2   149.745 240.285 2224.29
2   154.791 231.716 2227.43
2   160.176 227.913 2225.18
2   165.419 229.24  2231.02
2   165.767 224.623 2227.94
2   166.9   222.614 2229.48
2   166.98  222.268 2229.91
2   171.178 228.038 2233.13
2   183.559 226.529 2235.12
2   188.279 226.398 2236.57
2   188.559 223.444 2236.67
2   193.045 224.843 2236.52
2   176.69  221.475 2234.03
2   173.998 222.985 2233.35
2   173.894 227.579 2237.68
2   175.586 225.888 2231.72
2   178.104 224.765 2238.15
2   177.911 224.539 2234.47
2   176.945 226.049 2237.32
2   181.399 227.282 2242.97
2   177.705 224.615 2235.81
2   181.432 221.404 2239.93
2   176.044 219.932 2234.49
2   174.561 221.387 2232.24
2   176.359 223.221 2235.34
2   179.981 227.818 2239.57
2   177.667 226.282 2239.89
2   177.258 223.133 2237.78
2   176.374 221.868 2235.91
2   178.678 221.542 2238.15
2   178.589 218.439 2234.13
2   179.208 219.128 2234.72
2   180.663 226.153 2235.1
2   179.857 227.69  2233.36
2   179.758 229.437 2234.25
2   181.363 229.55  2235.27
2   181.872 228.654 2230.65
2   180.578 228.359 2231.67
2   181.014 231.028 2233.52
2   182.03  232.108 2238.99
2   181.958 230.127 2232.45
2   181.364 228.137 2235.72
2   180.4   230.296 2229.7
2   179.375 231.831 2228.78
2   180.329 231.359 2231.44
2   181.496 230.161 2231.54
2   180.415 230.499 2228.87
2   179.899 233.998 2236.65
2   179.345 231.458 2227.57
2   179.138 229.043 2229.81
2   179.846 230.621 2239.87
2   180.148 228.695 2236.67
2   181.897 230.52  2233.81
2   177.164 225.67  2233.85
2   178.379 225.276 2232.56
2   175.28  226.971 2230.3
2   176.086 224.951 2231.4
2   180.08  231.089 2232.57
2   179.302 230.394 2234.58
2   181.253 230.47  2229.87
2   183.831 231.041 2236.68
2   180.88  228.564 2233.9
2   183.126 234.385 2236.48
2   182.344 238.488 2238.03
2   176.492 236.05  2235.57
2   124.455 201.328 2005.92
2   132.506 200.934 2006.79
2   137.052 202.255 2007.44
2   146.947 209.546 2009.79
2   148.564 222.304 2013.06
2   148.257 231.775 2011.33
2   148.409 243.649 2012.21
2   152.088 249.629 2014.09
2   153.718 253.59  2012.34
2   158.757 260.184 2015.28
2   160.491 263.344 2018.56
2   158.971 269.348 2018.93
2   157.777 270.574 2022.43
2   157.634 269.483 2020.33
2   154.927 268.638 2019.49
2   150.972 267.579 2019.68
2   134.525 254.304 2014.07
2   134.019 249.151 2012.97
2   134.454 247.28  2014.54
2   134.139 248.068 2015.1
2   141.81  251.873 2019.43
2   143.473 249.284 2019.72
2   138.047 248.186 2019.65
2   131.192 250.003 2018.45
2   136.655 252.847 2021.89
2   136.201 250.404 2022.35
2   131.981 248.302 2017.35
2   144.814 252.999 2026.88
2   146.651 246.664 2026.97
2   143.799 245.732 2025.74
2   144.9   255.581 2026.74
2   137.222 252.604 2023.87
2   135.146 250.283 2025.42
2   130.962 249.85  2022.58
2   130.869 251.205 2025.81
2   133.54  250.619 2023.61
2   143.864 255.43  2031.24
2   139.551 248.194 2029.54
2   137.353 247.406 2028.27
2   138.655 253.163 2028.52
2   143.141 255.308 2033.77
2   140.98  254.5   2034.91
2   141.901 253.233 2031.64
2   143.076 252.043 2029.87
2   136.943 247.794 2029.48
2   139.423 252.47  2032.38
2   143.358 251.444 2032.26
2   143.615 251.424 2032.17
2   144.148 250.248 2032.95
2   146.118 248.776 2030.94
2   145.801 249.058 2029.99
2   141.729 250.303 2029.35
2   141.139 252.002 2032.21
2   142.102 251.707 2029.51
2   139.968 252.984 2027.04
2   141.38  256.375 2028.96
2   141.794 254.393 2030.55
2   142.862 253.805 2030.87
2   142.65  253.214 2029.45
2   141.281 252.803 2030.32
2   144.984 253.915 2033.39
2   137.917 243.13  2027.56
2   142.284 254.585 2031.12
2   137 250.945 2025.59
2   144.235 252.934 2030.93
2   147.792 253.066 2028.69
2   149.359 243.994 2027.98
2   151.984 246.751 2032.88
2   151.879 249.886 2032.62
2   150.349 247.919 2031.48
2   142.209 246.313 2030.07
2   134.302 248.721 2027.15
2   129.362 249.812 2027.77
2   132.683 248.616 2029.01
2   143.025 248.216 2029.97
2   139.229 251.039 2033.59
2   142.165 255.943 2037.33
2   139.32  248.858 2032.53
2   137.217 247.006 2031.13
2   135.589 246.493 2030.34
2   134.619 249.588 2032.58
2   142.902 253.118 2033.88
2   144.917 255.028 2036.78
2   143.805 258.274 2038.53
2   140.28  251.085 2035.66
2   143.176 258.539 2039.27
2   139.34  251.743 2036.35
2   141.907 251.771 2036.08
2   146.274 252.459 2037.59
2   144.842 256.993 2037.16
2   140.228 250.182 2035.01
2   139.558 248.304 2034.73
2   139.31  249.983 2035.29
2   138.17  250.184 2033.83
2   154.189 256.298 2038.53
2   144.147 251.187 2036.41
2   136.491 249.955 2035.32
2   134.101 251.354 2035.25
2   134.591 250.627 2032.47
2   144.798 256.902 2036.26
2   140.763 254.561 2032.42
2   141.022 253.907 2036.52
2   141.375 253.752 2036.75
2   146.519 259.41  2038.01
2   148.212 260.786 2037.23
2   150.014 259.076 2039.32
2   152.261 257.576 2037.58
2   150.028 251.218 2034.81
2   138.879 252.224 2032.47
2   135.275 252.569 2032.15
2   134.154 252.569 2032.68
2   141.319 257.283 2033.75
2   145.302 256.038 2035.2
2   147.949 258.281 2037.57
2   143.966 251.405 2034.77
2   146.381 255.226 2036.96
2   139.014 251.962 2034.11
2   144.589 257.875 2038.01
2   140.324 254.061 2037.55
2   143.99  258.658 2036.04
2   141.578 252.092 2033.9
2   141.774 250.677 2036.64
2   140.687 249.046 2033.89
2   142.901 254.505 2036.61
2   140.815 249.759 2033.97
2   142.862 248.76  2041.45
2   142.278 248.429 2038.49
2   143.362 254.208 2041.11
2   143.043 253.828 2040.54
2   141.086 251.571 2040.27
2   140.493 248.317 2038.32
2   141.876 245.865 2040.38
2   140.85  248.59  2042.94
2   138.268 249.634 2043.36
2   136.145 248.97  2039
2   134.256 249.542 2041.62
2   131.618 251.575 2040.23
2   127.304 252.122 2036.23
2   130.914 252.84  2038.15
2   133.757 249.976 2040.44
2   131.324 254.041 2042.2
2   128.159 254.778 2038.7
2   128.341 256.271 2041.41
2   126.828 258.718 2041.26
2   128.219 258.154 2042.36
2   129.377 256.033 2042.95
2   129.382 256.321 2045.88
2   126.448 257.593 2041.81
2   128.12  258.155 2042.88
2   127.662 255.379 2043.09
