GRT_LABELLED_CLASSIFICATION_DATA_FILE_V1.0
DatasetName: NOT_SET
InfoText: 
NumDimensions: 6
TotalNumExamples: 1479
NumberOfClasses: 2
ClassIDsAndCounters: 
1	600	NOT_SET
2	879	NOT_SET
UseExternalRanges: 0
Data:
1   -470.698    209.87  2167.78 335.074 199.94  2242.7
1   -471.053    206.478 2167.01 330.559 199.576 2233.33
1   -467.76 210.857 2164.49 330.967 198.369 2235.29
1   -470.186    207.295 2167.49 330.19  198.319 2235.63
1   -467.841    210.678 2167.51 335.19  199.716 2240.01
1   -468.658    211.233 2167.04 333.871 201.281 2240.16
1   -470.142    209.599 2170.32 334.813 200.633 2237.05
1   -469.516    212.103 2166.89 332.587 198.887 2239.8
1   -467.636    211.756 2169.8  335.301 201.516 2237.84
1   -469.046    212.399 2168.98 330.339 204.123 2238.37
1   -467.456    214.281 2167.39 334.445 203.979 2242.48
1   -471.743    212.672 2170.41 332.579 197.466 2233.76
1   -468.469    210.105 2166.98 331.004 199.992 2234.93
1   -467.855    211.731 2168.95 326.199 202.072 2238.1
1   -468.208    211.851 2168.34 328.542 204.388 2241.6
1   -468.308    210.243 2167.85 328.826 206.884 2240.25
1   -468.073    210.107 2168.76 337.02  204.131 2236.24
1   -470.126    209.185 2166.35 332.281 206.706 2242.88
1   -467.406    208.489 2162.64 329.625 207.326 2237.99
1   -468.637    211.981 2169.04 326.892 206.525 2240.5
1   -467.952    208.607 2163.73 335.776 195.528 2241.13
1   -467.452    211.059 2168.26 332.518 199.731 2237.24
1   -469.009    211.722 2167.67 330.713 206.409 2242.19
1   -469.134    211.946 2169.3  329.218 200.328 2240.97
1   -469.918    207.015 2165.73 326.866 200.974 2242.42
1   -468.837    212.1   2168.94 332.428 201.653 2239.46
1   -466.982    214.346 2169.72 332.511 195.715 2236.6
1   -468.752    216.979 2170.91 329.836 201.613 2241.01
1   -472.142    213.697 2171.82 330.724 204.935 2239.83
1   -466.784    213.084 2165.07 330.24  202.256 2242.18
1   -467.829    209.242 2164.39 326.572 202.444 2238.14
1   -466.538    209.5   2165.6  330.803 201.922 2240.24
1   -468.728    210.522 2167.86 327.073 195.345 2233.6
1   -467.228    203.058 2162.99 329.514 200.854 2238.92
1   -469.4  202.958 2163.13 330.461 203.595 2239.86
1   -467.304    208.829 2165.65 332.823 203.951 2238.91
1   -467.512    210.498 2167.33 329.863 205.667 2240.17
1   -467.802    208.784 2165.51 326.072 203.934 2240.89
1   -468.28 204.962 2165.32 324.794 199.937 2237.95
1   -469.385    208.903 2167.03 324.549 198.981 2239.27
1   -468.184    211.606 2166.51 327.982 201.357 2240.28
1   -468.819    209.97  2166.3  329.325 200.31  2245.35
1   -470.916    208.001 2165.74 328.011 201.397 2238.45
1   -469.753    205.951 2167.55 328.208 202.636 2243.99
1   -469.18 205.425 2163.12 329.765 202.065 2242.3
1   -468.174    204.225 2165.19 330.849 201.638 2240.93
1   -466.52 206.572 2165.14 327.233 201.546 2236.84
1   -466.147    210.601 2166.2  328.622 200.156 2241.56
1   -469.752    208.466 2170.3  332.466 196.709 2234.96
1   -466.559    213.001 2168.91 332.327 200.356 2238.26
1   -466.01 214.094 2168.24 332.474 199.654 2238.34
1   -467.293    215.298 2165.85 334.7   201.539 2237.97
1   -466.63 216.881 2169.97 334.343 204.166 2240.2
1   -467.717    211.187 2162.76 329.983 206.083 2237.41
1   -465.715    216.321 2166.74 335.655 200.582 2241.27
1   -463.534    215.082 2161.77 338.238 200.275 2236.79
1   -465.311    210.02  2160.7  336.71  201.792 2240.51
1   -469.486    214.024 2170.39 335.885 203.191 2237.11
1   -466.006    214.655 2165.35 339.936 201.237 2235.44
1   -464.908    214.679 2165.39 342.542 191.934 2240.28
1   -465.44 214.958 2168.58 345.076 199.485 2239.41
1   -463.978    216.525 2168.93 334.838 200.575 2232.78
1   -462.588    213.379 2168.44 340.639 206.777 2240.06
1   -464.617    213.34  2169.21 341.143 204.428 2239.24
1   -463.766    215.069 2166.52 341.827 199.798 2239.19
1   -465.333    216.397 2174.69 343.744 197.057 2238.66
1   -465.265    213.802 2172.61 333.386 198.809 2235.64
1   -465.485    211.583 2169.06 341.196 198.36  2236.08
1   -464.162    210.672 2166.11 339.774 198.214 2236.05
1   -462.321    211.435 2169.12 342.189 198.376 2232.3
1   -468.724    203.866 2164.95 335.404 199.958 2235.21
1   -462.62 223.474 2168.85 336.438 197.855 2235.33
1   -460.7  217.029 2167.76 340.076 199.012 2235.18
1   -461.806    209.202 2166.38 344.316 202.137 2238.41
1   -461.093    206.646 2165.72 343.337 198.863 2238.06
1   -460.818    207.188 2159.31 336.04  202.712 2238.18
1   -463.511    208.114 2157.96 338.032 204.853 2237.88
1   -460.673    206.315 2158.25 343.001 201.73  2239.5
1   -462.235    197.385 2155.77 340.164 208.834 2239.24
1   -466.174    194.349 2153.42 339.522 211.415 2240.31
1   -464.999    193.505 2153.42 338.366 206.192 2238.23
1   -461.859    196.722 2153.05 344.13  212.268 2238.2
1   -460.147    202.76  2152.21 349.607 212.322 2243.99
1   -458.768    202.964 2153.79 347.708 214.668 2246.02
1   -464.032    200.674 2151.28 344.463 212.406 2244.62
1   -463.041    201.904 2152.97 340.504 208.276 2240.8
1   -463.76 195.313 2151.15 344.227 207.296 2243.7
1   -464.049    196.625 2153.56 347.789 208.579 2241.97
1   -463.604    197.863 2152.29 351.77  211.662 2239.95
1   -462.337    198.192 2153.13 347.958 210.665 2240.16
1   -463.571    196.28  2150.06 346.639 210.83  2243.3
1   -464.034    193.233 2151.74 350.205 213.64  2244.55
1   -464.18 195.694 2145.78 357.487 211.574 2244.22
1   -464.371    196.689 2147.01 353.922 208.289 2243.24
1   -465.972    195.207 2146.56 355.789 213.695 2248.35
1   -461.632    197.104 2145.68 355.888 217.235 2250.38
1   -461.434    198.836 2146.74 357.364 219.043 2246.59
1   -461.112    203.864 2148.53 358.348 220.944 2246.14
1   -464.743    202.542 2151.43 359.679 217.746 2248.68
1   -476.476    192.087 2145.94 360.199 217.277 2246.18
1   -470.646    210.569 2153.63 361.365 215.868 2248.57
1   -471.756    213.947 2153.2  363.396 214.948 2249.17
1   -474.709    217.465 2154.72 363.36  216.133 2248.93
1   -472.274    218.527 2154.89 367.987 218.316 2250.49
1   -473.89 221.601 2155.75 370.49  219.213 2252.25
1   -470.876    227.499 2154.88 366.441 220.217 2252.7
1   -475.099    228.42  2155.06 367.257 223.56  2251.9
1   -473.517    227.618 2149.95 369.916 227.736 2256.63
1   -473.189    225.769 2147.2  372.009 224.299 2255.37
1   -474.949    227.665 2151.29 371.32  222.186 2254.63
1   -475.629    233.266 2154.82 369.454 225.056 2259.04
1   -474.842    234.02  2160.52 373.291 229.639 2259.38
1   -478.57 231.77  2162.36 371.742 224.752 2254.57
1   -477.099    229.406 2159.14 369.487 226.791 2256.92
1   -478.658    228.898 2154.61 369.957 229.704 2257.19
1   -479.631    227.849 2156.18 373.756 228.914 2260.37
1   -478.711    226.986 2157.53 371.539 228.425 2260.59
1   -477.576    228.89  2160.04 375.017 230.238 2263.01
1   -477.183    232.455 2162.01 374.978 232.046 2259.13
1   -481.927    231.161 2158.66 371.026 233.68  2261.2
1   -477.658    233.88  2162.21 375.586 234.105 2262.28
1   -476.906    234.027 2158.79 374.084 233.696 2263.09
1   -477.759    233.354 2163.67 373.352 232.975 2262.05
1   -479.901    232.523 2163.24 377.209 233.471 2266.04
1   -476.818    233.9   2162.61 378.394 231.842 2264.02
1   -474.97 229.471 2161.02 374.303 227.335 2263.7
1   -477.688    227.436 2163.81 369.645 229.68  2262.15
1   -480.978    225.042 2163.29 371.006 228.551 2261.05
1   -479.713    229.669 2165.38 375.547 227.851 2263.77
1   -480.525    227.989 2164.7  376.259 228.303 2262.52
1   -481.299    226.62  2164.62 376.142 227.933 2262.39
1   -479.779    228.224 2166.15 376.608 228.923 2261.62
1   -481.664    229.061 2167.29 374.806 226.984 2263.36
1   -482.009    229.787 2168.67 375.495 226.882 2262.97
1   -483.891    222.704 2166.86 376.214 227.418 2265.41
1   -483.486    217.773 2165.46 377.003 226.344 2263.68
1   -483.752    218.77  2169.28 377.807 227.061 2264.78
1   -487.957    215.798 2167.45 375.447 225.828 2262.02
1   -483.376    215.437 2166.99 376.053 227.813 2265.26
1   -479.732    211.968 2164.52 377.094 226.172 2262.43
1   -480.919    212.832 2164.95 375.758 224.585 2263.51
1   -481.475    214.811 2166.89 374.624 225.087 2263.6
1   -480.369    218.642 2167.56 375.236 221.621 2261.89
1   -479.716    215.833 2162.99 371.205 220.568 2258.32
1   -480.011    216.485 2166.95 372.679 219.451 2264.59
1   -481.126    215.397 2166.3  368.008 219.968 2259.31
1   -478.629    214.329 2167.66 369.007 218.672 2258.17
1   -481.638    217.626 2166.32 372.042 214.011 2258.88
1   -483.537    217.322 2167.11 373.142 220.252 2261.49
1   -479.68 218.565 2166.73 371.217 221.043 2261.83
1   -463.697    252.8   2185.43 349.228 262.062 2210.5
1   -463.791    244.932 2185.39 344.598 258.494 2208.45
1   -463.55 244.01  2183.86 347.885 261 2212.4
1   -464.661    243.529 2183.95 345.252 258.412 2213.56
1   -464.789    241.4   2183.79 341.033 258.605 2214.22
1   -466.171    244.622 2182.55 343.012 259.005 2214.12
1   -464.015    243.998 2180.85 342.06  258.611 2212.5
1   -464.303    243.545 2183.79 344.832 256.611 2213.31
1   -461.776    248.14  2187.78 346.653 259.806 2213.95
1   -462.366    240.445 2184.77 348.371 256.846 2216.19
1   -463.82 237.504 2184.49 347.372 259.521 2223.81
1   -460.987    240.582 2184.21 350.547 255.626 2224.45
1   -462.467    243.981 2186.85 348.887 255.783 2225.45
1   -461.511    245.331 2185.38 346.832 256.213 2227.5
1   -458.819    244.281 2187.78 351.327 256.69  2227.55
1   -462.482    242.614 2187.07 343.382 253.424 2227.48
1   -462.779    243.822 2188.62 348.994 256.11  2227.69
1   -461.335    243.818 2188.42 350.076 257.677 2228.12
1   -462.348    241.514 2188.81 354.636 257.011 2231.77
1   -461.958    239.655 2186.06 350.425 255.833 2230.76
1   -460.255    242.343 2189.61 349.089 254.202 2231.16
1   -456.733    241.075 2188.06 348.112 256.603 2230.69
1   -458.139    244.112 2190.32 349.829 257.863 2232.62
1   -457.473    245.212 2191.28 349.367 254.599 2233.43
1   -460.965    239.438 2188.12 348.907 255.051 2228.72
1   -464.613    234.541 2185.53 353.894 256.928 2232.66
1   -462.191    241.208 2190.59 350.464 258.951 2233.53
1   -462.429    244.294 2188.79 350.111 255.266 2232.64
1   -466.158    240.91  2187.85 352.183 255.78  2234.73
1   -461.34 247.916 2190.34 348.883 255.459 2233.1
1   -464.894    238.836 2183.68 349.445 255.284 2238.49
1   -467.631    233.238 2182.99 354.072 257.43  2240.79
1   -470.125    231.823 2183.06 351.291 257.534 2237.38
1   -468.239    229.265 2182.15 352.981 255.009 2239.13
1   -464.531    229.909 2183.69 355.885 257.868 2237.96
1   -466.176    229.729 2181.06 353.204 258.582 2241.88
1   -464.803    230.495 2180.16 348.685 259.659 2238.55
1   -467.879    233.92  2182.5  353.319 259.836 2239.88
1   -466.489    240.461 2181.95 354.674 261.235 2240.45
1   -466.708    242.216 2183.98 349.632 263.039 2238.09
1   -464.959    239.949 2180.13 355.174 261.447 2238.32
1   -468.073    237.575 2183.09 356.979 260.562 2238.98
1   -469.392    242.56  2181.79 355.766 265.234 2244.25
1   -464.107    244.853 2182.58 354.396 264.032 2243.87
1   -464.925    243.638 2182.98 354.3   261.546 2239.52
1   -465.561    245.667 2179.14 352.411 259.926 2241.47
1   -465.476    243.837 2181.83 355.19  258.397 2240.73
1   -463.916    245.535 2180.73 357.755 259.423 2240.51
1   -467.658    242.026 2180.5  354.704 261.758 2242.57
1   -465.895    242.322 2182.32 351.213 260.677 2241.68
1   -464.303    243.269 2182.49 357.184 260.437 2238.98
1   -459.933    240.06  2179.41 356.06  261.498 2241.76
1   -462.014    241.017 2180.08 355.642 262.274 2237.69
1   -464.603    239.341 2183.39 354.403 262.892 2239.87
1   -464.858    241.166 2180.11 350.209 260.311 2236.15
1   -464.272    241.168 2180.7  351.876 261.351 2232.82
1   -464.434    239.78  2183.31 353.158 260.369 2233.28
1   -467.391    242.785 2187.91 350.121 263.251 2232.66
1   -467.164    244.846 2184.39 353.878 266.179 2232.38
1   -466.933    244.408 2186.13 349.293 257.772 2232.4
1   -468.33 241.77  2181.89 348.49  255.972 2232.68
1   -468.684    245.72  2186.03 351.609 265.153 2235.94
1   -469.491    248.539 2188.44 349.111 272.001 2240.18
1   -471.474    247.417 2186.2  349.214 273.276 2237.77
1   -472.22 245.349 2185.12 347.214 273.456 2239.06
1   -473.406    244.231 2182.1  346.936 272.726 2240.98
1   -476.381    242.991 2185.65 346.804 274.283 2242.72
1   -478.308    244.307 2187.07 346.295 274.223 2241.51
1   -481.015    244.665 2186.69 343.2   278.496 2245.48
1   -480.904    247.006 2186.05 348.498 274.918 2244.62
1   -478.909    246.582 2183.34 351.398 272.497 2244.61
1   -478.068    245.759 2183.54 350.62  270.562 2244.77
1   -476.66 246.908 2182.32 351.216 272.706 2246.23
1   -477.238    245.79  2184.23 352.916 278.57  2247.64
1   -479.558    249.296 2186.32 354.748 281.959 2251.26
1   -478.076    254.869 2188.45 353.869 280.627 2251.51
1   -477.977    252.365 2187.36 353.797 278.452 2254.97
1   -476.034    254.275 2186.23 357.428 276.759 2259.89
1   -478.135    273.493 2191.31 358.63  275.675 2255.93
1   -477.89 277.47  2191.95 361.227 276.067 2261
1   -476.085    272.476 2194.55 361.143 273.161 2262.41
1   -477.789    266.557 2191.41 359.915 271.325 2262.64
1   -477.476    265.886 2188.6  363.673 267.998 2265.37
1   -476.6  264.611 2188.97 361.703 274.281 2264
1   -478.134    255.422 2182.6  365.599 263.133 2263.08
1   -479.204    251.675 2184.02 366.682 256.392 2265.8
1   -483.113    253.676 2186.17 370.228 262.955 2265.32
1   -484.423    247.702 2183.53 372.555 261.94  2268.99
1   -483.932    243.823 2180.89 378.472 247.781 2259.65
1   -487.356    236.316 2179.43 379.143 251.23  2264.35
1   -488.276    243.128 2183.55 382.663 242.562 2260.28
1   -485.688    244.008 2185.14 378.691 239.225 2256.93
1   -490.72 240.896 2187.64 381.457 237.891 2259.59
1   -495.128    234.036 2185.63 382.778 234.495 2258.01
1   -498.089    227.689 2186.93 387.7   229.108 2259.49
1   -497.392    227.773 2189.2  387.427 230.904 2261.05
1   -503.245    220.199 2189.02 388.583 217.426 2256.01
1   -502.361    213.963 2187.66 391.12  219.272 2256.98
1   -500.966    215.295 2187.18 393.334 223.391 2259.03
1   -498.688    213.163 2186.22 390.533 214.137 2257.03
1   -502.2  213.931 2187.44 394.963 219.375 2260.73
1   -498.844    212.487 2181.21 394.611 214.812 2256.21
1   -499.465    207.142 2180.57 396.016 215.869 2258.93
1   -504.064    204.302 2187.36 398.371 215.56  2260.89
1   -502.688    206.708 2185.92 397.728 216.771 2259.64
1   -498.288    206.61  2185.42 396.089 218.466 2260.34
1   -501.209    201.98  2190.48 393.659 215.767 2259.07
1   -502.987    201.32  2188.94 393.355 214.988 2259.99
1   -500.676    202.817 2190.14 384.617 211.466 2262.48
1   -502.221    200.692 2188.31 387.551 211.781 2261.45
1   -502.647    200.474 2185.12 383.36  212.682 2263.01
1   -499.791    201.523 2189.18 379.079 212.297 2266.1
1   -498.691    203.424 2189.72 381.38  218.048 2270.63
1   -498.293    202.653 2189.76 383.138 224.807 2270.15
1   -496.402    207.617 2191.18 381.748 222.964 2269.35
1   -496.987    207.994 2191.59 383.736 220.337 2266.84
1   -497.497    205.905 2193.94 382.013 221.659 2270.28
1   -494.523    207.539 2195.57 386.647 223.958 2273.64
1   -491.071    208.524 2200.33 382.997 222.118 2275.11
1   -490.382    205.727 2199.68 378.392 221.613 2271.72
1   -484.714    205.872 2203.49 373.161 216.105 2270.08
1   -488.389    204.619 2204.3  370.467 212.77  2269.69
1   -485.754    202.424 2202.31 366.446 218.252 2271.1
1   -486.942    200.253 2203.71 367.921 220.173 2277.73
1   -480.034    200.217 2205.16 369.656 210.361 2277.63
1   -476.703    201.876 2207.62 361.326 212.702 2278.92
1   -475.155    203.342 2210.26 361.685 214.455 2280.02
1   -473.01 200.501 2204.74 358.802 214.627 2280.81
1   -472.544    202.654 2206.08 368.282 216.227 2281.25
1   -476.15 201.888 2207.07 370.741 218.705 2282.4
1   -476.264    202.94  2206.96 361.251 212.792 2277.24
1   -477.139    198.51  2203.23 367.459 215.884 2275.94
1   -478.877    201.268 2204.02 361.709 220.723 2278.65
1   -476.869    210.324 2200.29 361.473 222.03  2275.22
1   -474.04 216.869 2200.84 360.959 226.267 2278.64
1   -478.27 217.719 2203.8  362.243 231.191 2283.12
1   -477.395    219.296 2200.42 365.338 229.651 2280.55
1   -480.064    221.146 2205.28 364.948 233.846 2284.61
1   -480.889    216.179 2207.23 363.861 235.982 2277.56
1   -483.856    219.807 2209.21 363.859 235.762 2280.14
1   -480.608    217.608 2208.81 360.527 239.949 2277.29
1   -482.552    215.923 2202.22 368.784 241.352 2281.99
1   -481.751    222.721 2207.03 360.894 243.596 2277.54
1   -479.596    218.608 2204.98 362.398 248.283 2276.74
1   -479.716    217.911 2200.07 365.741 247.407 2275.66
1   -477.512    220.662 2195.78 370.142 246.4   2275.34
1   -482.392    218.451 2198.14 366.254 246.625 2272.43
1   -479.864    218.203 2196.46 366.442 244.012 2268.6
1   -479.522    218.957 2198.34 365.341 242.704 2266.53
1   -480.536    220.079 2195.49 361.407 246.15  2268.51
1   -523.967    256.26  2252.42 399.876 259.254 2289.42
1   -524.73 254.015 2252.61 397.654 258.93  2293.8
1   -522.005    253.559 2254.87 401.785 257.332 2289.43
1   -518.793    254.772 2253.94 401.421 255.661 2289.59
1   -517.026    258.461 2252.2  396.983 253.12  2286.36
1   -513.668    255.954 2252.75 397.251 254.073 2291.19
1   -515.158    256.107 2260.14 394.641 257.077 2294.95
1   -511.81 258.584 2259.24 390.487 246.417 2286.3
1   -512.592    257.899 2251.2  392.511 252.207 2285.07
1   -510.904    256.801 2251.01 398.346 257.802 2290.09
1   -512.619    259.432 2252.06 399.32  258.308 2290.95
1   -515.063    258.608 2258.32 395.384 261.06  2293.07
1   -514.154    256.379 2258.01 402.912 256.536 2282.66
1   -515.079    257.096 2256.25 398.322 257.938 2290.99
1   -515.53 257.959 2254.2  397.889 260.17  2289.44
1   -520.07 257.534 2253.33 399.813 260.856 2289.2
1   -516.945    252.823 2251.57 399.337 262.345 2287.76
1   -515.53 252.233 2247.82 399.847 260.323 2292.9
1   -518.581    251.153 2250.83 403.862 264.233 2281.18
1   -522.139    248.46  2247.28 405.534 264.932 2287.15
1   -524.134    247.353 2248.09 406.914 268.722 2291.6
1   -525.818    245.958 2251.87 408.247 274.361 2296.38
1   -525.913    246.85  2250.97 401.191 267.484 2292.99
1   -530.306    242.596 2250.97 396.202 266.151 2296.77
1   -526.659    239.743 2251.63 390.456 267.792 2295.49
1   -523.863    239.16  2250.85 383.88  265.088 2300.76
1   -520.971    240.689 2250.85 383.428 262.317 2293.71
1   -521.082    243.451 2250.85 379.442 260.261 2295.63
1   -519.265    241.161 2253.62 380.911 253.976 2290.49
1   -517.251    245.534 2258.3  383.614 250.276 2292.45
1   -518.059    245.01  2258.53 378.425 256.547 2296.71
1   -518.061    244.46  2254.82 382.654 255.532 2295.18
1   -514.25 248.647 2258.61 380.781 253.737 2293.85
1   -513.178    245.836 2258.84 389.653 262.512 2300.42
1   -519.822    229.602 2251.32 389.617 265.184 2299.66
1   -513.491    239.855 2257.24 394.69  262.723 2295.98
1   -513.9  245.867 2255.35 397.674 260.987 2298.16
1   -513.554    245.766 2256.32 400.233 263.158 2295.53
1   -511.818    245.46  2253.41 401.389 263.023 2300.92
1   -514.746    242.198 2257.07 402.778 263.892 2300.05
1   -510.375    247.909 2254.5  406.822 264.078 2298.8
1   -513.945    242.447 2255.89 415.159 264.856 2297.38
1   -517.682    244.671 2257.51 416.834 260.15  2296.61
1   -521.651    248.122 2253.34 420.924 253.482 2293.47
1   -531.656    247.401 2257.09 425.538 254.691 2294.79
1   -543.516    248.682 2264.66 423.315 255.973 2298.74
1   -548.601    244.332 2260.62 426.271 252.361 2299.78
1   -548.833    245.081 2259.08 425.875 246.524 2299.28
1   -548.864    241.869 2260.25 429.329 251.518 2302.89
1   -546.972    240.641 2258.2  435.414 254.508 2302.26
1   -547.537    240.816 2260.88 438.578 256.836 2301.11
1   -548.018    244.684 2263.09 439.885 256.614 2297.57
1   -548.711    241.758 2259.83 433.375 252.892 2298.36
1   -550.185    241.676 2257.51 431.82  248.789 2298.1
1   -550.645    244.31  2261.13 433.449 250.751 2297.35
1   -549.946    243.475 2258.03 429.895 246.387 2300.12
1   -551.318    242.469 2259.21 433.283 246.935 2300.75
1   -548.591    241.116 2257.13 434.537 247.799 2302.24
1   -546.799    241.073 2258.58 431.613 244.908 2301.93
1   -547.786    240.314 2255.45 431.1   240.174 2299.08
1   -548.881    241.22  2258.17 428.246 237.278 2300.68
1   -544.757    239.244 2255.29 431.236 237.996 2302.99
1   -549.176    235.385 2252.54 428.699 238.644 2305.22
1   -544.664    236.563 2249.95 426.467 232.628 2296.32
1   -541.515    239.147 2251.79 430.617 236.333 2296.57
1   -542.427    237.556 2251.27 430.652 236.942 2295.64
1   -545.862    236.979 2250.12 420.481 222.907 2288.65
1   -546.435    238.075 2251.07 429.836 229.393 2295.69
1   -544.182    236.902 2247.28 422.905 229.749 2294.7
1   -544.164    233.871 2246.84 423.288 228.339 2285.96
1   -547.717    235.096 2246.71 420.57  221.914 2282.56
1   -545.695    237.326 2247.18 416.413 215.905 2281.08
1   -543.305    235.089 2248.29 414.811 216.415 2283.13
1   -544.342    238.995 2250.54 415.964 220.821 2290.21
1   -537.146    230.601 2240.81 413.281 226.676 2292
1   -542.769    225.089 2247.22 412.533 225.686 2291.19
1   -538.075    227.687 2249.79 404.776 229.565 2293.77
1   -533.676    230.887 2249.14 396.889 230.166 2293.72
1   -531.318    223.28  2247.3  397.627 227.492 2291.68
1   -525.849    223.86  2243.42 394.439 224.007 2292.09
1   -521.648    223.244 2242.07 389.664 220.908 2288.11
1   -521.846    223.4   2243.86 383.99  222.305 2289.16
1   -521.146    221.311 2240.16 386.003 226.525 2290.76
1   -523.323    219.298 2240.65 390.542 231.135 2290.58
1   -521.836    219.433 2242.29 388.14  231.172 2287.75
1   -522.749    221.141 2243.44 390.659 236.53  2293.01
1   -525.362    221.871 2243.08 389.045 236.441 2292.54
1   -526.505    225.488 2243.28 388.955 238.449 2288.44
1   -528.795    227.021 2247.04 394.307 240.202 2289.78
1   -529.486    232.631 2246.58 387.583 241.854 2287.89
1   -534.305    236.37  2252.52 387.171 239.505 2289.88
1   -537.495    240.976 2249.76 397.748 246.842 2285.2
1   -538.125    244.143 2251.2  399.036 247.047 2283.86
1   -534.589    250.88  2253.9  401.972 249.295 2284.37
1   -534.124    253.659 2250.1  395.237 256.722 2287.16
1   -526.31 256.879 2245.73 406.526 250.962 2280.13
1   -526.477    262.591 2248.49 403.432 254.067 2279.41
1   -519.774    267.551 2249.06 396.86  258.913 2275.75
1   -519.522    268.091 2246.56 391.923 263.032 2280.33
1   -515.414    272.342 2244.91 397.045 265.578 2278.36
1   -514.64 270.604 2244.15 388.378 260.625 2277.2
1   -515.678    272.027 2244.71 390.197 265.394 2280.38
1   -517.331    273.94  2249.06 394.311 266.646 2280.77
1   -519.965    271.106 2246.98 397.277 263.12  2279.28
1   -525.331    271.635 2248.19 394.214 261.39  2278.53
1   -522.106    261.945 2244.7  391.226 265.72  2281.09
1   -517.562    263.05  2243.87 390.912 264.397 2284.2
1   -522.985    257.488 2242.3  390.148 260.248 2276.96
1   -523.321    258.707 2243.94 390.949 262.463 2279.51
1   -524.601    263.66  2247.29 387.462 260.033 2278.31
1   -532.612    257.23  2245.61 386.4   255.31  2278.21
1   -538.916    248.92  2240.07 385.098 255.689 2276.97
1   -541.408    245.769 2241.83 383.314 254.318 2278.36
1   -542.326    243.086 2237.47 384.544 253.166 2276.93
1   -541.299    245.473 2235.24 382.53  249.35  2276.28
1   -543.518    241.875 2236.66 387.029 244.013 2273.99
1   -541.862    238.551 2234.07 384.939 242.162 2277.01
1   -540.743    237.767 2237.29 395.179 247.22  2282.91
1   -543.683    238.505 2240.08 396.747 245.11  2280.86
1   -544.547    238.374 2239.04 393.144 236.068 2275.65
1   -546.184    236.498 2237.14 396.884 233.125 2278.57
1   -543.356    231.333 2239.4  399.149 237.114 2280.26
1   -543.217    232.994 2240.3  397.906 242.147 2278.88
1   -541.502    229.347 2240.95 400.093 236.797 2273.08
1   -543.435    229.877 2242.81 402.478 231.201 2270.2
1   -541.312    231.924 2244.07 399.922 234.684 2273.65
1   -538.525    231.982 2244.62 399.746 237.968 2279.11
1   -536.487    235.618 2239.08 390.234 232.11  2276.42
1   -538    235.952 2241.3  398.321 235.444 2272.97
1   -535.191    239.742 2243.37 393.995 234.824 2273.49
1   -535.395    236.106 2241.8  397.976 233.643 2276.09
1   -536.855    239.065 2245.74 401.651 236.919 2277.27
1   -531.267    240.06  2248.38 393.43  240.95  2278.06
1   -533.143    237.579 2247.74 392.572 233.381 2275.34
1   -533.255    235.421 2246.39 394.913 233.46  2270.08
1   -529.607    237.908 2246.99 396.773 236.022 2272.79
1   -530.891    230.351 2241.2  395.13  238.385 2272.41
1   -529.149    234.121 2245.88 395.984 235.981 2275.03
1   -532.322    233.929 2245.95 398.386 246.505 2282.03
1   -536.141    233.091 2246.12 395.749 245.869 2279.76
1   -535.562    233.59  2248.66 396.668 246.598 2278.1
1   -540.096    236.05  2251.37 403.079 243.38  2276.8
1   -539.215    236.766 2251.45 396.304 248.233 2280.99
1   -537.3  239.777 2250.76 400.277 246.893 2272.43
1   -537.856    240.672 2250.75 395.066 255.224 2285.93
1   -540.749    243.321 2251.67 395.172 242.595 2273.04
1   -534.118    242.325 2250.68 389.762 245.407 2277.14
1   -531.267    243.695 2251.61 394.34  247.975 2277.62
1   -532.339    245.312 2253.42 392.757 250.729 2276.63
1   -534.129    246.41  2256.25 397.958 250.696 2278.47
1   -525.185    269.903 2280.76 390.915 268.418 2307.18
1   -530.743    264.918 2280.08 393.952 266.189 2307.73
1   -526.19 268.521 2280.2  392.639 263.952 2303.76
1   -524.479    267.468 2280.88 396.061 269.267 2310.56
1   -531.66 266.694 2282.87 396.976 266.386 2306.93
1   -526.239    268.701 2280.86 396.299 265.703 2303.03
1   -527.266    268.871 2283.43 394.95  266.52  2306.5
1   -528.945    269.304 2283.06 398.578 267.265 2306.33
1   -530.528    267.732 2276.32 396.859 265.421 2306.16
1   -528.226    266.534 2279.84 393.993 265.839 2308.93
1   -531.454    267.98  2281.53 393.391 264.2   2305.18
1   -523.045    267.472 2275.97 398.046 267.448 2310.18
1   -529.787    268.661 2283.06 397.887 267.787 2309.46
1   -530    268.759 2281.26 398.129 265.232 2306.74
1   -528.793    270.131 2280.52 392.796 264.238 2308.79
1   -527.465    268.636 2281.87 396.962 266.12  2304.48
1   -529.792    272.605 2283.25 399.516 265.807 2308.91
1   -531.494    271.125 2284.79 389.832 260.601 2307.53
1   -531.971    270.051 2284.24 394.161 268.229 2315.03
1   -529.121    269.39  2286.53 396.304 268.519 2316.53
1   -527.653    271.529 2281.54 396.903 267.017 2312.25
1   -526.704    267.725 2284.18 397.62  264.568 2310.16
1   -532.08 270.995 2289.02 397.691 267.438 2313.02
1   -526.885    265.276 2278.82 399.98  263.537 2311.84
1   -526.842    268.193 2281.29 391.647 264.105 2309.02
1   -526.42 268.973 2279.49 391.878 270.284 2315.56
1   -523.187    270.34  2282.68 393.25  272.81  2317.76
1   -521.732    271.933 2276.3  396.931 265.828 2310.64
1   -524.911    270.519 2279.99 395.858 261.954 2310.01
1   -527.857    271.23  2283.45 392.717 269.462 2316.99
1   -521.836    269.686 2281.71 398.109 270.738 2319.07
1   -524.401    274.075 2283.39 394.974 266.077 2314.64
1   -530.27 272.575 2281.89 390.754 269.43  2313.58
1   -531.297    274.36  2284.71 390.106 266.273 2313.99
1   -525.061    272.635 2282.59 389.548 267.804 2311.91
1   -522.745    272.267 2281.93 388.045 269.281 2311.57
1   -521.273    273.431 2276.98 391.515 268.045 2312.94
1   -529.442    273.522 2285.38 390.918 265.776 2311.33
1   -524.466    273.859 2282.12 389.216 265.213 2313.51
1   -530.422    273.462 2285.11 391.863 268.084 2310.37
1   -526.565    266.126 2276.93 389.141 265.124 2307.26
1   -523.847    263.268 2276.13 390.805 264.182 2313.62
1   -527.253    266.228 2285.2  391.662 266.741 2310.66
1   -524.892    270.404 2283.44 392.226 270.146 2315.29
1   -522.82 271.497 2279.89 391.018 264.293 2309.33
1   -524.476    270.316 2281.34 384.873 260.958 2306.19
1   -522.524    273.811 2280.87 392.981 263.952 2308.74
1   -527.689    259.276 2275.71 387.649 268.255 2307.17
1   -527.958    266.202 2283.06 391.995 267.292 2314.07
1   -533.81 270.299 2286.59 391.848 266.787 2313.06
1   -523.585    273.275 2284.7  390.14  269.198 2311.99
1   -534.948    274.148 2289.77 389.814 263.803 2310.26
1   -526.005    271.656 2288.39 390.73  265.763 2307.86
1   -524.806    273.25  2284.94 388.406 267.784 2313.69
1   -524.216    273.885 2287.55 392.439 267.169 2311.73
1   -527.764    268.672 2288.05 395.823 268.443 2309.97
1   -531.135    274.963 2290.48 391.746 266.156 2308.93
1   -531.543    272.717 2291.41 394.516 268.482 2316.2
1   -530.447    273.457 2289.81 393.895 269.064 2314.64
1   -534.033    273.615 2286.08 390.987 268.427 2313.82
1   -536.229    271.831 2292.15 387.297 269.212 2311.26
1   -537.119    274.235 2294.16 391.089 268.748 2311.72
1   -529.419    271.498 2289.18 391.984 270.353 2314.47
1   -533.081    269.896 2290.91 391.693 267.979 2314.39
1   -531.033    266.896 2286.52 393.538 267.193 2315.66
1   -527.627    265.924 2286.13 393.933 263.979 2312.62
1   -536.026    265.062 2290.41 390.364 265.856 2312.53
1   -533.309    269.158 2290.44 391.913 267.683 2313.87
1   -530.302    269.93  2290.68 391.543 264.852 2312.82
1   -531.984    264.793 2287.67 385.974 264.552 2313.84
1   -535.086    265.285 2286.34 389.365 262.95  2312.9
1   -533.668    266.173 2288.87 387.465 263.225 2313.03
1   -529.475    266.921 2287.84 390.629 263.465 2313.04
1   -534.981    265.767 2291.96 392.855 267.326 2314.76
1   -532.453    269.076 2290.73 392.099 267.197 2310.08
1   -532.357    271.299 2293.92 391.708 266.354 2315.04
1   -536.471    271.928 2292.77 387.757 266.29  2313.15
1   -534.054    268.589 2290.17 390.356 265.527 2311.28
1   -532.713    270.871 2289.56 391.937 265.769 2311.78
1   -529.267    266.894 2284.61 390.984 265.679 2310.81
1   -534.998    274.498 2290.95 391.089 266.19  2313.48
1   -527.108    270.783 2288.3  389.07  263.308 2313.88
1   -530.314    270.5   2287.17 391.559 265.794 2313.47
1   -536.484    269.776 2290.33 397.407 264.072 2313.98
1   -537.095    272.769 2292.55 395.57  266.822 2316.55
1   -531.321    273.869 2290.07 393.141 265.193 2314.14
1   -533.87 276.906 2294.7  401.033 271.113 2319.56
1   -530.643    274.085 2291.64 395.353 265.587 2313.76
1   -529.452    271.865 2292.89 398.543 267.04  2315.76
1   -532.804    273.189 2296.08 394.528 263.767 2315.18
1   -531.884    274.253 2293.22 397.527 263.818 2315.41
1   -532.124    272.693 2294.17 398.981 265.825 2312.71
1   -532.594    274.351 2294.15 395.159 262.568 2317.68
1   -533.487    272.485 2290.78 393.864 260.792 2311.99
1   -537.171    271.905 2290.89 399.335 265.72  2315.25
1   -536.799    269.57  2292.08 397.899 267.991 2315.53
1   -539.237    271.37  2294.93 393.255 256.669 2308.27
1   -538.316    271.91  2295.44 397.471 263.075 2311.53
1   -539.353    270.53  2297.23 391.729 259.918 2312.13
1   -540.535    269.749 2294.48 394.492 259.303 2310.46
1   -537.277    269.627 2293.32 397.092 265.922 2315.68
1   -537.053    274.097 2293.25 398.331 263.668 2313.19
1   -531.525    274.737 2295.82 389.329 265.13  2311.59
1   -530.836    274.623 2297.52 394.282 264.625 2316.83
1   -527.923    274.065 2292.62 393.901 263.661 2315.19
1   -534.318    274.152 2291.88 395.771 264.865 2315.27
1   -529.975    274.852 2292.65 393.337 264.49  2314.81
1   -531.003    275.067 2295.02 388.321 263.278 2317.54
1   -531.94 273.908 2292.77 392.798 263.34  2314.66
1   -532.012    269.404 2290.53 392.939 262.764 2314.34
1   -535.178    271.975 2293.83 396.609 266.659 2318.69
1   -538.449    271.834 2292.08 393.529 265.01  2314.26
1   -535.488    271.282 2291.46 393.186 263.258 2313.33
1   -536.253    268.217 2290.55 396.033 260.958 2312.88
1   -535.123    270.177 2291.73 392.4   264.682 2314.21
1   -533.752    271.279 2291.55 392.296 266.214 2317.88
1   -537.373    271.194 2290.65 391.823 267.454 2317.45
1   -534.909    268.896 2293.49 395.23  263.726 2313.87
1   -533.314    271.389 2291.85 393.148 264.152 2313.77
1   -530.127    272.074 2292.13 396.525 265.531 2314.92
1   -526.693    271.988 2287.19 395.037 265.422 2316.6
1   -534.851    272.125 2293.11 392.594 260.373 2311.33
1   -535.525    274.164 2292.15 392.69  257.461 2308.78
1   -531.25 272.18  2291.93 396.121 259.277 2309.02
1   -529.817    268.857 2291.46 389.613 266.1   2316.32
1   -531.445    267.604 2291.91 391.98  266.79  2317.66
1   -537.464    273.508 2292.95 392.819 265.724 2318.09
1   -533.265    271.702 2291.15 390.689 262.995 2314.54
1   -533.285    271.327 2292.22 391.611 261.256 2314.83
1   -535.756    270.946 2288.6  389.706 265.132 2315.42
1   -534.256    273.618 2287.74 390.831 266.963 2317.36
1   -530.222    271.07  2290.27 394.875 266.171 2319.07
1   -530.78 270.938 2291.9  396.722 267.829 2314.55
1   -532.925    267.445 2291.23 397.582 268.795 2312.63
1   -536.852    270.017 2290.97 392.007 266.978 2312.38
1   -534.244    270.633 2291.22 391.515 263.574 2309.27
1   -530.971    267.484 2284.72 388.928 265.828 2307.89
1   -533.823    270.08  2289.01 387.777 264.492 2310.9
1   -531.838    270.783 2288.64 397.152 265.362 2310.57
1   -531.282    272.624 2291.02 396.313 270.093 2308.78
1   -533.81 271.117 2288.93 393.01  264.794 2312.77
1   -531.431    272.049 2284.06 392.243 266.508 2315.75
1   -539.119    270.867 2292.39 391.076 266.592 2315.05
1   -532.562    272.293 2282.13 389.682 267.396 2313.34
1   -531.659    271.344 2289.43 393.374 266.222 2312.53
1   -535.666    271.772 2291.63 392.011 263.513 2310.72
1   -536.063    265.31  2286.84 394.709 262.815 2312.47
1   -534.573    267.7   2288.41 395.012 262.294 2311.28
1   -534.266    267.6   2284.83 392.394 262.144 2315.31
1   -538.404    271.812 2295.35 388.732 260.348 2313.34
2   -496.208    251.993 2235.35 673.166 -81.3052    2251.66
2   -495.603    251.268 2231.46 675.708 -81.847 2256.99
2   -496.067    251.737 2232.92 674.349 -83.9261    2251.98
2   -496.356    252.426 2233.82 674.47  -81.8682    2255.27
2   -496.785    256.197 2232.43 672.558 -83.38  2252.35
2   -495.787    250.361 2231.06 670.766 -83.8025    2253.7
2   -493.222    251.615 2232.04 673.634 -84.9771    2255.74
2   -494.614    253.181 2232.21 674.584 -87.7753    2248.49
2   -492.437    254.22  2237.72 676.771 -85.6332    2253.38
2   -495.181    253.307 2230.42 677.372 -86.1099    2255.28
2   -497.087    251.974 2231.96 673.621 -83.7057    2252.44
2   -495.344    251.842 2231.18 673.46  -83.3077    2255.9
2   -496.115    251.3   2228.65 677.213 -87.5583    2261.29
2   -492.96 253.101 2234.07 679.148 -85.095 2260.58
2   -496.784    250.592 2235.18 678.46  -85.6608    2259.11
2   -492.064    248.45  2230.4  677.017 -88.0299    2263.6
2   -493.865    257.531 2237.31 676.725 -86.9321    2256.89
2   -492.233    255.601 2231.19 676.814 -86.1776    2255.08
2   -494.448    262.481 2233.46 680.188 -82.3072    2260.88
2   -495.513    263.132 2238.31 680.199 -80.2505    2261.54
2   -494.954    262.134 2234.87 674.914 -80.7137    2256.92
2   -494.066    259.975 2234.25 672.738 -82.2636    2258.45
2   -492.529    255.634 2233.82 678.651 -82.7026    2258.53
2   -491.397    259.332 2234.88 682.527 -86.9643    2265.11
2   -494.19 260.269 2235.01 672.121 -82.5305    2252.66
2   -493.292    260.357 2234.55 674.543 -80.1169    2263.14
2   -493.216    259.296 2234.31 678.943 -85.4238    2259.82
2   -493.743    254.276 2232.8  679.981 -83.5858    2259.57
2   -493.406    253.553 2231.26 678.24  -84.6701    2254.96
2   -495.276    250.008 2234.54 675.292 -82.875 2255.12
2   -497.054    250.707 2231.97 673.818 -79.4836    2257.09
2   -497.265    250.595 2235.74 677.756 -78.7107    2257.99
2   -497.475    251.433 2239.03 679.555 -81.1912    2256.66
2   -497.172    255.679 2239.17 676.895 -78.3902    2254.92
2   -498.441    252.086 2236.1  678.021 -77.338 2257.86
2   -497.551    251.852 2236.86 677.932 -77.0932    2257.61
2   -499.352    248.911 2235.74 672.125 -79.6426    2248.6
2   -499.629    245.918 2236.02 674.204 -81.902 2253.58
2   -497.497    250.8   2236.59 674.928 -82.3615    2255.76
2   -498.536    252.596 2236.55 674.528 -83.4739    2257.57
2   -497.048    253.281 2237.62 670.81  -84.1248    2254.54
2   -497.126    256.22  2236.29 674.841 -83.2777    2255.81
2   -496.296    252.946 2238.47 676.345 -87.9976    2256.71
2   -495.546    251.263 2236.85 674.596 -89.149 2259.07
2   -493.653    249.692 2235.52 677.234 -84.7157    2256.68
2   -493.398    245.142 2232.71 679.369 -84.3404    2258.02
2   -494.56 246.548 2233.71 682.037 -86.3527    2259.93
2   -494.731    247.56  2234.7  679.92  -84.165 2263.38
2   -497.659    246.529 2233.43 676.62  -83.9526    2256.37
2   -496.727    247.907 2235.01 676.908 -84.9829    2259.43
2   -495.695    245.416 2233.93 676.994 -86.0883    2262.08
2   -494.722    244.643 2234.89 678.86  -85.1853    2265.18
2   -495.902    246.56  2232.84 673.91  -83.4979    2257.34
2   -495.11 249.075 2234.48 675.505 -83.7712    2261.38
2   -493.201    248.645 2230.71 675.291 -82.3932    2261.16
2   -494.301    251.688 2233.04 680.502 -85.2311    2264.36
2   -495.947    249.117 2233.03 675.207 -80.1098    2259.59
2   -495.401    250.173 2234.51 678.101 -79.5076    2256.86
2   -495.275    248.29  2231.88 685.946 -81.4503    2266.55
2   -493.279    247.681 2230.05 679.345 -80.9147    2259.33
2   -497.721    247.773 2229.05 674.271 -78.9594    2256.49
2   -497.595    247.818 2227.57 675.934 -79.8115    2256.88
2   -495.325    247.62  2231.71 676.744 -80.2101    2258.16
2   -496.55 245.937 2228.93 675.946 -78.6093    2262.14
2   -492.303    248.275 2229.42 677.336 -76.9019    2261.87
2   -492.866    246.579 2226.86 672 -71.4685    2257.64
2   -494.963    246.975 2231.65 672.976 -72.3895    2256.43
2   -494.523    251.531 2232.78 675.157 -70.1437    2261.05
2   -497.849    249.1   2233.17 672.517 -72.1835    2254.54
2   -493.317    249.131 2233.96 671.19  -72.7804    2252.61
2   -494.36 244.777 2229.47 672.645 -71.4001    2252.05
2   -498.257    247.989 2233.01 671.51  -72.6496    2250.9
2   -497.119    252.248 2233.94 669.611 -71.2891    2247.26
2   -496.772    252.501 2237.7  670.753 -72.5214    2249
2   -494.553    250.43  2234.86 670.602 -71.71  2250.58
2   -495.835    246.95  2232    671.814 -72.2804    2250.68
2   -495.855    247.662 2230.33 674.051 -74.0289    2252.86
2   -494.106    246.444 2228.86 673.582 -71.8798    2253.31
2   -494.971    248.059 2231.22 672.724 -71.3735    2250.59
2   -494.25 246.427 2229.71 673.302 -71.9257    2255.46
2   -494.839    245.946 2228.28 668.363 -72.4963    2245.69
2   -493.752    249.774 2233.58 671.999 -70.8811    2253.4
2   -493.888    247.886 2233.1  673.265 -71.3676    2252.44
2   -496.646    253.51  2233.3  672.042 -72.1495    2249.87
2   -494.159    245.164 2231.21 668.748 -72.7   2250.86
2   -493.911    247.965 2227.89 668.593 -71.5194    2251.46
2   -494.467    248.86  2230.21 671.544 -73.8829    2252.46
2   -492.581    246.708 2229.58 672.812 -75.0925    2251.09
2   -495.579    248.306 2230.39 672.679 -78.4738    2247.93
2   -491.67 250.022 2232.92 674.29  -84.8993    2253.68
2   -493.388    250.103 2228.17 672.402 -85.2698    2249.63
2   -492.731    253.035 2232.09 671.797 -84.601 2253.78
2   -492.167    258.72  2235.53 674.118 -85.0205    2253.57
2   -493.046    260.587 2233.34 677.262 -84.1945    2258.75
2   -492.47 256.088 2232.05 687.897 -86.7045    2254.93
2   -491.933    257.757 2231.55 680.646 -86.4305    2253.31
2   -491.914    258.501 2232.61 677.134 -84.5302    2257.12
2   -491.834    258.442 2232.99 673.58  -85.9706    2255.39
2   -492.101    259.743 2230.51 674.17  -84.4294    2256.04
2   -492.317    260.153 2232.29 674.893 -85.2148    2257.65
2   -491.844    258.683 2233.09 674.791 -83.9031    2255.01
2   -493.25 259.995 2236.1  675.301 -83.391 2257.21
2   -493.424    259.761 2235.23 672.014 -83.6907    2250.45
2   -491    259.069 2234.51 673.353 -80.6356    2251.01
2   -492.685    259.377 2235.6  673.409 -80.5708    2252.18
2   -493.428    252.584 2228.61 672.904 -77.4644    2255.36
2   -492.252    259.496 2232.32 677.949 -85.8997    2250.75
2   -492.753    261.033 2235.16 679.045 -84.4096    2248.83
2   -491.886    258.817 2233.19 684.875 -88.9336    2253.03
2   -492.717    255.94  2233.49 686.135 -84.819 2252.91
2   -491.452    259.628 2232.85 679.644 -79.9171    2248.27
2   -492.389    255.457 2229.54 676.503 -79.869 2248.89
2   -494.437    249.505 2230.23 674.131 -78.1339    2251.03
2   -495.215    253.292 2230.46 675.062 -81.1949    2252.21
2   -493.341    249.041 2229.49 675.133 -83.0063    2249.63
2   -494.6  251.989 2228.89 679.929 -83.4373    2248.77
2   -491.205    253.776 2232.36 684.433 -84.5988    2251.77
2   -493.72 254.107 2232.64 682.25  -84.5225    2251.74
2   -493.736    249.398 2227.9  679.221 -82.8756    2254.04
2   -492.444    251.378 2228.15 672.598 -82.1238    2251.4
2   -494.139    255.464 2231.79 675.029 -79.0421    2258.59
2   -492.994    255.075 2227.33 675.477 -76.8183    2261.29
2   -494.397    258.019 2230.93 675.725 -73.2635    2264.73
2   -491.149    255.13  2228.84 672.849 -75.5483    2259.7
2   -491.897    258.773 2228.68 675.173 -83.1686    2259.91
2   -493.784    258.357 2229.9  675.203 -81.6114    2263.33
2   -494.173    261.058 2231.83 673.953 -81.4027    2260.17
2   -491.836    260.387 2228.14 673.205 -78.6988    2258.89
2   -492.819    262.697 2231.91 675.937 -81.97  2260.42
2   -490.959    260.589 2231.39 676.013 -84.0788    2261.05
2   -491.493    261.65  2228.82 673.692 -80.7772    2257.61
2   -493.327    260.888 2231.49 673.603 -81.2049    2254.42
2   -490.067    259.464 2226.66 673.184 -79.6563    2255.22
2   -491.933    259.583 2229.88 683.882 -81.3299    2261.85
2   -493.015    259.241 2229.2  683.073 -83.9848    2254.6
2   -493.012    250.275 2226.19 680.803 -83.069 2252.11
2   -494.23 247.818 2227.36 679.805 -85.0709    2253.44
2   -491.892    246.699 2226.5  677.463 -83.0799    2253.11
2   -493.243    245.696 2225.85 672.933 -82.3398    2254.05
2   -491.058    247.827 2225.37 672.345 -83.3927    2252.27
2   -493.196    245.377 2227.44 674.304 -82.156 2254.18
2   -494.006    247.35  2226.64 673.552 -80.5439    2253.33
2   -491.305    246.272 2223.63 671.191 -78.4386    2250.96
2   -494.44 246.901 2225.09 670.654 -80.6634    2249.04
2   -493.778    244.303 2220.8  674.418 -84.4465    2253.53
2   -493.134    246.801 2217.49 674.089 -84.4045    2249.76
2   -494.624    253.194 2221.91 673.826 -79.2192    2250.97
2   -489.591    254.784 2218.05 673.057 -76.4008    2253.76
2   -488.087    260.309 2219.82 672.745 -76.2638    2255.62
2   -493.592    266.258 2217.57 671.669 -72.8731    2252.35
2   -522.129    207.159 2230.01 640.413 0.326636    2231.59
2   -515.134    211.28  2231.83 647.615 1.88249 2226.13
2   -515.61 207.395 2229.62 646.967 4.12195 2231.51
2   -512.583    203.239 2228.75 649.371 3.27097 2229.03
2   -512.691    203.937 2225    647.812 4.01901 2229.35
2   -513.866    201.906 2226.68 650.817 3.95587 2232.66
2   -511.493    201.658 2225.1  652.136 4.22006 2226.63
2   -514.895    201.452 2224.2  650.679 5.65105 2233.1
2   -514.256    201.748 2226.64 650.702 2.52535 2231.13
2   -516.014    201.255 2227.13 653.205 0.98405 2228.12
2   -515.168    201.897 2225.59 653.473 3.66647 2226.53
2   -515.123    202.718 2224.15 654.558 7.67475 2227.93
2   -513.382    203.286 2225.07 654.687 5.81729 2221.48
2   -514.657    204.763 2226.52 656.681 6.3064  2219.67
2   -513.165    203.812 2225    656.346 6.37907 2221.61
2   -512.946    201.896 2225.51 653.201 5.30476 2219.99
2   -514.475    202.707 2227.74 652.971 5.84689 2222.04
2   -511.901    203.626 2228.25 648.279 4.20469 2219.94
2   -513.074    201.619 2225.26 650.729 4.55472 2217.32
2   -510.706    203.652 2228.48 649.807 6.20582 2214.44
2   -516.649    206.705 2232.23 649.996 6.292   2221.82
2   -513.248    203.039 2226.65 651.503 5.08096 2216.57
2   -513.168    202.448 2222.72 653.576 7.19897 2214.18
2   -512.455    202.49  2224.22 655.765 7.99463 2219.14
2   -515.281    208.361 2226.36 647.007 7.37262 2215.27
2   -514.278    204.763 2223.11 645.502 8.25866 2216.83
2   -516.347    204.33  2221.61 647.38  8.32969 2211.69
2   -514.784    210.168 2219.25 648.958 8.88229 2211.34
2   -512.288    210.037 2220.3  647.75  15.9469 2217.24
2   -515.329    212.899 2222.18 655.2   19.745  2222.42
2   -516.32 211.649 2223.9  692.896 -3.95088    2209.13
2   -510.658    209.53  2214.87 687.85  15.7315 2208.22
2   -503.846    212.477 2215.3  683.46  21.8623 2210.79
2   -505.641    212.125 2220.16 683.168 27.2111 2213.33
2   -505.432    211.298 2216.01 687.15  18.714  2204.35
2   -503.535    209.643 2213.44 691.754 23.6508 2207.91
2   -503.757    209.2   2213.1  689.549 23.6472 2201.97
2   -508.485    211.184 2216.41 680.602 20.7752 2210.62
2   -504.329    216.037 2218.86 683.453 23.3908 2214.86
2   -508.332    210.09  2214.78 682.437 13.9871 2209.45
2   -507.077    211.552 2213.54 688.069 18.06   2212.18
2   -510.419    211.815 2217.75 679.498 16.2992 2213.31
2   -507.63 209.631 2216.05 678.035 19.2767 2213.52
2   -507.922    209.467 2217.37 676.357 16.9162 2211.99
2   -504.999    211.202 2215.25 668.506 18.718  2216.25
2   -504.828    213.741 2215.93 692.517 9.96085 2202.97
2   -506.264    207.878 2214.71 677.101 15.2983 2215.53
2   -509.313    207.071 2214.47 673.784 14.2819 2218.76
2   -507.949    208.246 2215.38 675.969 15.7835 2217.36
2   -509.4  209.125 2214.03 651.709 17.9528 2219.04
2   -506.239    208.786 2213.74 647.863 18.5668 2222.92
2   -513.963    214.521 2215.76 673.71  9.09432 2226.81
2   -514.829    213.06  2219    675.957 17.369  2225.55
2   -512.377    212.158 2215.53 675.59  16.4844 2222.78
2   -513.777    212.719 2218.8  656.678 18.0027 2222.8
2   -516.599    211.452 2220.53 641.611 15.4264 2219.78
2   -516.908    209.561 2218.98 649.459 17.1265 2220.78
2   -515.386    206.338 2216.83 650.696 14.5501 2225.04
2   -516.022    208.812 2218.39 650.004 17.6353 2224.93
2   -517.307    208.305 2218.93 645.602 18.3024 2225.43
2   -520.252    210.282 2220.84 645.289 14.9835 2221.79
2   -518.643    208.143 2218.8  646.289 13.1271 2223.49
2   -515.438    206.411 2219.08 644.009 12.0126 2223.69
2   -510.881    211.216 2215.62 641.811 16.2599 2223.81
2   -516.323    208.592 2219.36 642.636 14.7434 2219.8
2   -514.299    209.479 2218.36 649.42  12.3247 2225.78
2   -514.898    210.686 2217.33 650.977 15.9508 2226.25
2   -510.838    209.462 2214.09 647.382 14.3322 2223.39
2   -515.273    210.293 2215.58 647.517 11.6804 2222.44
2   -513.74 210.131 2215.24 645.953 16.8189 2223.81
2   -511.303    209.686 2216.39 648.072 16.8493 2224.16
2   -515.032    209.724 2214.8  646.09  15.9418 2223.29
2   -512.751    209.466 2214.7  649.461 15.0307 2226.34
2   -512.553    211.996 2213.1  649.219 17.2033 2226.73
2   -512.745    209.661 2216    654.03  15.2763 2228.56
2   -513.596    209.33  2212.41 655.917 15.5499 2226.66
2   -513.803    208.335 2213.33 655.417 13.052  2227.56
2   -514.885    210.63  2215.93 655.751 14.5571 2232.33
2   -514.858    212.419 2210.01 651.203 15.9594 2232.64
2   -515.803    211.182 2214.12 647.381 16.4332 2228.94
2   -513.492    213.217 2213.91 647.728 11.4364 2229.72
2   -514.763    212.753 2211.12 643.777 12.0938 2224.27
2   -514.152    212.034 2209.97 642.406 13.2756 2226.2
2   -515.584    210.757 2206.72 642.694 13.3979 2225.04
2   -514.494    209.464 2208.64 642.169 14.706  2224.59
2   -513.847    214.383 2204.61 646.441 17.6379 2227.7
2   -515.775    216.138 2209.19 647.521 16.324  2226.91
2   -517.485    216.123 2205.76 652.028 17.5467 2222.45
2   -516.758    215.887 2203.92 653.539 14.2758 2224.69
2   -516.758    216.463 2204.84 649.48  13.7444 2226.35
2   -516.687    216.69  2204.1  650.305 16.8294 2228.21
2   -516.414    215.667 2200.42 652.381 15.3016 2225.37
2   -517.555    214.908 2202.75 649.803 16.6013 2220.09
2   -517.667    213.836 2204.66 648.158 16.9615 2219.21
2   -517.716    215.849 2204.71 650.755 18.265  2225.34
2   -517.194    215.919 2203.83 645.356 16.6599 2219.41
2   -516.037    216.203 2206.21 641.466 15.9353 2220.74
2   -517.586    216.498 2209.12 640.489 14.5858 2216.77
2   -516.536    216.653 2204.5  646.48  14.9698 2219.28
2   -518.702    215.446 2204.12 646.26  15.3529 2224.14
2   -518.439    215.826 2205.65 650.33  11.5062 2220.67
2   -518.776    215.653 2205.6  653.436 15.3305 2222.02
2   -518.736    215.541 2204.77 650.869 15.1921 2216.51
2   -516.067    217.09  2200.75 652.996 16.3871 2223.87
2   -516.834    215.518 2199.93 652.088 16.6477 2222.57
2   -519.58 211.699 2199.6  651.652 17.7879 2219.19
2   -516.235    217.072 2202.48 646.799 14.6794 2221.82
2   -511.88 215.238 2201.53 647.311 14.1307 2223.19
2   -510.972    215.201 2200.11 649.522 15.8213 2219.7
2   -511.711    215.792 2203.22 647.967 15.1604 2214.78
2   -510.444    210.748 2197.94 647.061 15.9456 2220.77
2   -512.766    208.047 2196.92 639.493 9.52311 2212.07
2   -518.111    206.86  2196.07 636.749 11.6395 2214.88
2   -517.379    206.857 2195.43 633.424 13.209  2217.43
2   -512.305    209.018 2193.97 635.854 12.3033 2216.39
2   -511.38 206.759 2194.89 641.1   11.1765 2218.75
2   -512.977    210.643 2197.68 644.285 12.1357 2216.12
2   -514.243    208.013 2195.37 646.313 15.9379 2218.47
2   -512.306    211.855 2202.44 646.215 17.7553 2223.23
2   -514.592    204.155 2196.9  644.591 15.1409 2219.66
2   -513.938    201.735 2196.83 639.673 12.3343 2219.17
2   -514.495    202.054 2193.32 637.765 13.7216 2216.2
2   -512.839    207.824 2197.54 640.972 16.2325 2221.55
2   -518.607    208.759 2200.09 647.48  16.6734 2219.19
2   -518.05 210.351 2196.04 651.648 14.3472 2213.67
2   -512.938    209.679 2194.9  646.766 16.5016 2216.29
2   -515.808    207.431 2195.47 647.516 16.4118 2220.12
2   -514.596    206.995 2194.8  649.593 15.5508 2217.29
2   -514.809    208.394 2198.03 646.688 15.433  2218.16
2   -512.092    218.915 2214.09 545.881 -16.9049    2252.98
2   -512.452    220.034 2213.6  549.958 -12.4287    2250.83
2   -513.752    218.497 2209.61 556.208 -12.2727    2254.38
2   -520.058    220.864 2213.75 562.315 -14.6793    2249.39
2   -512.731    221.427 2211.64 555.893 -10.7142    2249.83
2   -514.76 220.569 2217.6  555.496 -12.4458    2254.81
2   -516.481    217.609 2216.28 557.533 -12.6268    2252.86
2   -514.337    216.613 2212    558.87  -10.0525    2250.98
2   -514.486    215.166 2212.98 557.224 -9.66134    2252.61
2   -514.602    214.887 2211.76 556.435 -13.6474    2256.99
2   -512.438    211.436 2209.72 554.521 -12.0933    2255.97
2   -515.164    212.987 2214.01 553.355 -15.5336    2249.65
2   -517.841    206.98  2209.84 553.706 -18.4797    2248.73
2   -508.553    214.794 2211.99 551.171 -22.6473    2244.24
2   -512.633    211.462 2209.63 542.864 -29.2431    2243.6
2   -515.445    215.937 2210.47 547.222 -25.0562    2248.06
2   -511.196    217.043 2215.01 543.769 -32.7617    2245.04
2   -512.959    214.888 2215.77 536.761 -35.0869    2241.2
2   -512.774    217.233 2213.24 535.932 -35.4844    2240.35
2   -511.836    220.027 2218.5  540.293 -34.6459    2240.38
2   -512.97 222.136 2217.98 538.47  -33.4858    2236.65
2   -513.664    224.021 2220.27 540.945 -33.5222    2238.16
2   -514.433    222.861 2222.68 548.921 -24.2084    2240.25
2   -517.323    217.889 2217.74 552.648 -20.7457    2238.49
2   -510.012    216.416 2214.88 553.488 -15.695 2242.02
2   -512.197    215.287 2214.58 552.999 -16.0596    2244.27
2   -521.011    210.081 2213.22 547.454 -14.0676    2247.11
2   -516.606    217.444 2215.87 551.612 -9.41573    2243.95
2   -519.375    213.303 2215.3  558.944 -11.1128    2244.49
2   -522.266    211.019 2213.22 553.731 -8.81108    2245.46
2   -517.383    213.286 2215.86 553.098 -8.68009    2247.65
2   -519.086    206.547 2209.98 559.566 -8.0573 2245.49
2   -521.923    205.035 2212.24 560.135 -8.53274    2248.59
2   -514.579    214.661 2216.25 561.716 -5.93173    2246.91
2   -520.056    214.16  2217.34 557.927 -9.06128    2244.17
2   -519.88 209.379 2212.54 560.858 -6.1256 2243.56
2   -517.878    207.369 2208.03 560.062 -5.20169    2244.04
2   -522.626    209.344 2216.07 563.67  -5.38329    2247.52
2   -517.06 213.612 2216.99 561.165 -7.93375    2245.29
2   -518.05 213.862 2215.61 560.543 -6.29367    2246.61
2   -521.357    213.103 2214.7  559.569 -10.1552    2245.15
2   -519.999    211.602 2215.81 556.242 -12.5346    2243.93
2   -517.952    216.98  2217.67 557.073 -9.70805    2245.14
2   -522.221    217.981 2215.86 559.903 -10.9309    2245.44
2   -520.66 218.73  2214.26 560.004 -13.767 2246.16
2   -522.065    218.296 2215.03 557.33  -12.1929    2244.94
2   -518.722    217.497 2214.05 559.617 -11.6454    2241.99
2   -520.073    216.567 2219.05 560.404 -11.0505    2237.74
2   -517.091    213.897 2214.14 552.01  -8.62074    2245.38
2   -518.978    209.162 2214.23 544.221 -9.4257 2245.22
2   -519.97 208.861 2212.78 547.933 -7.05061    2246.25
2   -524.493    207.553 2213.84 550.688 -8.96953    2247.91
2   -520.385    215.466 2214.64 552.983 -11.838 2244.72
2   -526.52 211.816 2214.39 550.312 -12.0396    2246.56
2   -516.301    222.86  2215.96 546.825 -12.5653    2242.87
2   -525.183    212.733 2210.45 544.991 -15.1804    2241.5
2   -524.609    218.143 2213.29 543.385 -16.3182    2240.34
2   -522.035    220.017 2212.47 543.18  -17.734 2239.22
2   -519.561    217.487 2211.6  538.388 -24.411 2235.88
2   -519.157    216.95  2208.46 539.353 -28.4964    2232.55
2   -517.728    217.925 2209.11 544.297 -28.8261    2232.7
2   -516.532    218.078 2210.92 540.513 -41.566 2225.87
2   -515.764    217.263 2206.78 535.866 -42.9825    2227.03
2   -515.199    215.813 2208.76 541.665 -37.5199    2225.35
2   -517.26 216.766 2207.62 546.208 -38.0848    2220.28
2   -514.791    217.694 2211.12 545.161 -43.8724    2220.73
2   -512.216    219.456 2210.51 535.206 -45.7686    2227.23
2   -517.422    212.452 2211.58 541.173 -40.6449    2228.84
2   -514.034    223.116 2211.85 539.184 -39.7566    2219.73
2   -514.37 227.178 2214.16 542.687 -40.2902    2224.56
2   -516.183    225.44  2213.82 537.236 -39.7032    2216.72
2   -514.274    227.637 2214.39 520.941 -51.3765    2218.99
2   -512.545    226.9   2213.28 513.848 -53.0758    2219.32
2   -511.771    228.291 2212.24 532.089 -46.4042    2218.36
2   -511.668    227.226 2210.2  537.214 -45.6702    2223.16
2   -515.676    224.737 2215.9  540.493 -43.7602    2224.09
2   -515.004    224.19  2210.24 525.243 -52.8736    2220.12
2   -514.691    230.103 2213.69 513.934 -52.3138    2222.76
2   -515.644    233.091 2217.36 511.578 -52.4678    2221.61
2   -515.605    233.299 2218    528.45  -43.2086    2222.35
2   -524.083    226.112 2213.09 531.761 -50.399 2222.86
2   -524.873    222.792 2211.84 534.183 -50.6408    2228.57
2   -520.394    218.024 2203.88 531.383 -45.845 2227.96
2   -522.788    218.192 2209.86 527.06  -43.5615    2221.13
2   -516.418    220.351 2210.1  523.766 -42.1501    2233.63
2   -514.769    222.344 2214.2  523.646 -39.8152    2228.55
2   -522.789    210.625 2212.71 526.394 -41.3704    2230.31
2   -516.833    217.017 2212.37 526.754 -39.9282    2231.65
2   -516.703    212.326 2209.82 525.645 -41.5431    2229.17
2   -516.12 216.519 2209.2  519.917 -37.8497    2232.66
2   -514.562    218.553 2214.12 520.968 -35.939 2236.9
2   -513.891    214.986 2212.39 522.811 -35.4777    2241.73
2   -516.317    213.368 2212.4  528.506 -26.7468    2244.43
2   -516.308    214.077 2213.39 529.75  -31.0862    2242.1
2   -516.287    216.891 2214.01 531.182 -24.8836    2246.74
2   -517.408    215.011 2214.08 531.75  -22.9378    2245
2   -519.661    209.242 2210.33 532.942 -22.9901    2242.72
2   -517.447    209.73  2211.44 536.759 -24.7932    2240.7
2   -516.026    209.486 2211.86 530.102 -21.0146    2241.45
2   -514.666    207.408 2204.94 544.541 -19.3682    2243.67
2   -517.014    208.957 2213.22 545.991 -18.1567    2248.99
2   -518.223    210.345 2213.24 543.764 -17.0746    2247.03
2   -521.529    208.864 2210.59 541.465 -16.2853    2246.66
2   -522.555    209.151 2215.44 542.933 -16.6088    2247.92
2   -518.014    214.032 2216.18 546.734 -14.4906    2248.97
2   -515.816    216.783 2217.69 542.406 -16.1261    2248.32
2   -517.414    219.361 2218.12 542.635 -12.9299    2253
2   -517.879    220.202 2220.49 535.862 -21.4468    2247.42
2   -520.856    221.552 2224.07 535.133 -23.5593    2248.2
2   -516.485    219.95  2218.08 533.602 -22.0139    2250.33
2   -514.917    219.941 2222.04 533.286 -27.8376    2246.07
2   -515.184    219.943 2218.07 533.005 -28.8523    2249.54
2   -516.422    221.348 2221.87 530.003 -32.357 2246.29
2   -514.348    219.717 2221.11 526.782 -32.3953    2243.63
2   -514.164    220.312 2224.99 525.558 -32.9376    2245.59
2   -515.174    215.793 2221.43 522.697 -37.5331    2242.72
2   -513.025    217.09  2218.64 523.514 -36.9124    2239.1
2   -513.462    219.449 2216.56 522.684 -37.4399    2240.95
2   -513.732    220.238 2220.05 524.988 -34.4373    2241.49
2   -514.328    218.674 2216.82 522.443 -33.8493    2242.17
2   -513.042    220.749 2222.2  519.104 -36.6657    2238.43
2   -516.047    212.891 2219.3  517.647 -33.8152    2242.04
2   -512.312    217.459 2219.81 520.052 -28.6593    2245.57
2   -516.689    221.374 2225.35 529.127 -28.6348    2245.38
2   -514.077    219.124 2218.05 540.45  -30.287 2239.65
2   -510.909    219.206 2216.44 540.602 -24.9267    2244.3
2   -513.884    217.365 2220.23 538.799 -23.2119    2239.07
2   -513.179    217.075 2220.14 538.111 -22.8641    2242.46
2   -513.314    215.571 2219.51 535.801 -21.8295    2241.83
2   -512.987    216.139 2216.73 537.067 -17.7297    2244.58
2   -513.501    215.176 2218.68 544.668 -15.0369    2241.86
2   -514.889    215.816 2215.24 540.919 -19.8518    2240.92
2   -517.056    207.094 2209.76 540.821 -16.7021    2236.13
2   -519.337    204.621 2212.08 544.218 -14.0373    2243.7
2   -516.963    204.682 2212.74 539.945 -15.6639    2241.39
2   -513.167    211.84  2215.66 536.741 -16.1962    2244.04
2   -515.086    213.048 2218.77 538.315 -18.2412    2243.48
2   -518.684    210.133 2212.03 544.141 -14.5318    2241.08
2   -516.305    214.351 2218.94 546.603 -16.3476    2244.07
2   -514.1  218.883 2220.19 543.253 -16.4703    2243.91
2   -515.086    219.426 2219.36 543.598 -14.0619    2243.87
2   -514.418    219.457 2220.49 541.969 -14.4244    2246.51
2   -517.073    221.682 2221.68 534.136 -21.561 2246.02
2   -513.485    220.326 2220.96 530.424 -23.2634    2244.36
2   -514.515    223.595 2217.76 531.131 -24.5482    2242.79
2   -517.699    215.228 2220.3  530.165 -25.7905    2246.27
2   -519.002    218.773 2221.53 529.806 -26.2762    2242.92
2   -518.308    218.897 2221.49 530.124 -26.2095    2244.65
2   -522.068    221.679 2222.63 531.06  -26.2414    2244.7
2   -525.555    216.644 2220.55 531.562 -28.0018    2245.95
2   -519.727    202.185 2203.65 544.382 -43.7331    2213.61
2   -517.014    201.213 2207.06 538.563 -34.2559    2217.2
2   -515.025    195.13  2204.13 545.434 -24.6105    2224.69
2   -517.019    195.08  2201.32 548.355 -32.4784    2214.34
2   -514.879    197.443 2200.4  546.514 -29.2592    2221.21
2   -516.63 197.617 2204.16 540.679 -31.1136    2217.44
2   -516.187    196.001 2202.85 544.85  -20.4231    2230.58
2   -514.533    196.202 2208.67 537.794 -28.5796    2220.38
2   -516.136    194.359 2203.23 537.716 -31.822 2218.82
2   -517.778    195.979 2204.45 536.229 -33.141 2219.43
2   -516.784    200.88  2207.05 534.755 -32.9683    2218.31
2   -519.125    198.806 2206.36 540.187 -34.4765    2217.28
2   -516.599    203.309 2208.9  547.193 -40.4414    2218.97
2   -518.681    202.634 2208.45 551.505 -38.6565    2213.85
2   -516.76 201.907 2206.64 552.306 -38.6221    2212.08
2   -518.068    202.106 2208.7  554.547 -42.4067    2214.78
2   -517.143    203.149 2208.18 553.674 -39.9185    2214.78
2   -516.775    200.878 2208.38 549.243 -40.8449    2211.47
2   -517.176    199.581 2206.14 550.84  -38.1491    2214.9
2   -517.992    202.036 2208.05 543.479 -37.1612    2216.46
2   -519.039    202.783 2210.66 540.649 -39.468 2215.62
2   -518.566    205.945 2209.09 539.514 -44.163 2213.23
2   -516.345    207.922 2213.01 536.617 -44.427 2214.5
2   -519.428    191.804 2202.69 537.843 -42.3167    2217.56
2   -516.063    197.205 2206.36 542.368 -37.6876    2212.13
2   -515.904    198.609 2203.14 546.763 -36.1503    2212.99
2   -523.638    198.327 2208.92 554.03  -37.9178    2218.89
2   -521.758    201.114 2203.57 549.769 -39.6097    2216.15
2   -515.961    197.531 2199.83 548.87  -40.4709    2213.78
2   -514.164    198.229 2201.41 550.815 -38.2018    2210.84
2   -522.047    198.677 2204.51 535.434 -37.7879    2214.5
2   -524.24 200.543 2205.4  528.616 -34.1354    2219.6
2   -522.229    200.634 2207.16 524.756 -34.4379    2217.82
2   -525.283    199.802 2206.12 526.645 -28.3184    2223.68
2   -524.881    202.003 2205.49 530.473 -24.5271    2226.57
2   -521.659    201.277 2205.53 527.874 -24.2339    2223.82
2   -516.305    200.959 2204.3  525.062 -30.4295    2222.79
2   -522.948    197.196 2207.16 527.681 -23.7081    2225.43
2   -522.765    195.093 2202.97 529.406 -20.8966    2222.77
2   -523.676    199.3   2208.03 526.755 -23.739 2220.25
2   -518.465    198.238 2208.15 521.697 -29.8414    2213.56
2   -516.855    199.484 2213.47 520.956 -37.3683    2212.74
2   -518.662    197.994 2212.5  520.711 -37.6297    2210.3
2   -515.281    192.86  2211.86 527.105 -38.0347    2212.63
2   -514.901    195.232 2208.26 540.356 -37.4932    2214.87
2   -516.684    196.257 2209.51 545.005 -36.2953    2207.07
2   -516.268    197.559 2213.5  542.619 -38.9482    2208.95
2   -517.808    199.331 2215.93 539.628 -40.92  2211.01
2   -516.821    202.593 2217.53 538.328 -46.6168    2207.74
2   -514.859    201.537 2210.96 534.536 -48.9325    2210.24
2   -518.801    199.197 2210.52 535.953 -49.4913    2208.3
2   -517.758    200.669 2208.47 539.148 -48.825 2209.27
2   -516.988    199.427 2210.74 542.717 -46.7315    2211.73
2   -518.385    201.941 2210.91 543.769 -41.4401    2212.63
2   -519.958    205.372 2213.24 538.523 -39.5917    2213.44
2   -518.444    205.708 2212.04 547.217 -35.8817    2209.91
2   -518.886    206.739 2211.66 544.392 -38.0799    2210.6
2   -518.262    209.489 2213.74 543.188 -36.8987    2212.99
2   -519.189    206.97  2211.6  539.457 -38.3678    2213.25
2   -519.368    205.238 2208.72 540.867 -36.5644    2216.16
2   -519.199    205.16  2208.58 540.577 -35.3529    2213.26
2   -517.896    208.067 2209.59 541.438 -37.5896    2213.3
2   -518.795    205.202 2212.28 540.592 -39.6442    2213.32
2   -518.17 201.473 2205.55 532.277 -44.6471    2213.29
2   -515.141    201.161 2206.78 527.803 -44.3755    2218.18
2   -513.027    202.037 2209.79 527.471 -32.4127    2221.19
2   -515.113    205.89  2209.43 531.917 -24.8672    2223.26
2   -515.442    208.572 2209.19 533.136 -34.079 2218.35
2   -515.666    205.759 2210.51 531.452 -30.9551    2222.14
2   -515.343    205.92  2206.18 534.114 -26.3841    2226.81
2   -515.035    207.47  2206.68 532.019 -28.772 2223.94
2   -516.439    206.851 2209.7  531.686 -26.0028    2223.07
2   -516.178    203.364 2205.71 530.222 -26.142 2223.19
2   -516.644    202.42  2210.77 526.142 -26.6224    2223.22
2   -518.525    201.038 2206.25 541.467 -14.2021    2229.2
2   -516.574    202.18  2209.64 548.534 -16.215 2222.03
2   -511.794    205.207 2211.91 544.218 -14.4611    2228.72
2   -514.295    203.772 2210.67 543.031 -13.4419    2229.52
2   -517.134    200.863 2212.61 544.966 -12.9543    2223.74
2   -520.415    202.082 2214.39 544.64  -17.3599    2216.23
2   -517.856    204.234 2215.3  532.948 -27.4336    2213.06
2   -514.696    203.498 2210.9  532.915 -29.9707    2212.7
2   -515.448    203.229 2215.51 532.805 -31.6328    2214.18
2   -519.005    199.014 2213.29 531.556 -33.807 2215.86
2   -515.979    196.692 2212.74 531.284 -37.8122    2210.76
2   -511.652    197.66  2210.92 529.019 -37.9617    2212.86
2   -516.25 197.246 2212.42 527.33  -36.2977    2212.41
2   -513.859    201.286 2217.51 522.557 -41.6726    2209.01
2   -517.346    203.057 2216.18 520.997 -41.8331    2209.81
2   -518.249    201.259 2215.16 525.468 -35.2163    2211.8
2   -517.765    201.255 2218.8  534.689 -34.0154    2209.53
2   -516.6  200.441 2214.47 545.531 -37.1491    2208
2   -517.225    200.875 2216.7  552.661 -40.0077    2210.33
2   -517.101    201.991 2212.82 545.194 -38.7467    2207.4
2   -514.79 202.692 2214.6  539.639 -34.4305    2210.57
2   -518.257    201.204 2215.48 539.53  -33.699 2214.19
2   -515.328    201.284 2212.78 539.191 -37.276 2209.11
2   -516.851    196.879 2211.95 537.94  -41.2039    2206.49
2   -516.116    197.543 2213.57 532.58  -44.7084    2211.84
2   -516.944    200.324 2216.6  524.597 -44.3264    2212.48
2   -513.741    199.569 2214.1  524.245 -43.3541    2212.32
2   -514.903    200.835 2213.6  525.747 -36.4973    2217.25
2   -516.314    200.943 2214.46 524.058 -32.3416    2220.59
2   -517.438    203.439 2211.39 524.357 -28.2819    2223.67
2   -516.095    201.294 2207.79 528.686 -20.7793    2224.05
2   -517.25 197.808 2213.75 540.224 -17.2936    2227.55
2   -515.881    197.765 2210.39 542.453 -17.2261    2231.25
2   -512.846    196.409 2206.69 540.23  -16.3974    2229.64
2   -511.644    198.375 2209.21 537.018 -18.1971    2225.25
2   -510.853    200.964 2212.06 541.322 -21.5051    2224.01
2   -514.327    197.391 2213.5  531.113 -28.4104    2221.68
2   -521.12 200.104 2214.7  527.427 -30.1754    2216.19
2   -518.262    203.66  2214.88 524.071 -31.6753    2220.01
2   -515.463    202.796 2212.39 519.84  -35.8242    2219.14
2   -514.65 200.085 2216.99 518.833 -34.4359    2220.52
2   -515.222    200.636 2217.08 521.634 -43.7916    2215.84
2   -513.843    202.93  2217.45 528.575 -43.0917    2215.43
2   -514.181    202.894 2219.99 534.807 -36.6921    2216.1
2   -514.548    205.477 2217.07 538.872 -39.824 2211.6
2   -517.482    204.118 2216.95 539.079 -43.1666    2206.81
2   -520.947    205.771 2224.73 534.776 -43.4591    2209.36
2   -514.787    206.634 2221.03 531.445 -44.9911    2208.94
2   -518.748    206.513 2226.01 540.806 -43.1372    2207.66
2   -519.389    206.198 2218.92 545.192 -44.9233    2208.57
2   -518.044    206.91  2221.83 550.449 -34.613 2208.33
2   -514.914    207.837 2220.04 547.481 -33.0072    2212.86
2   -517.918    206.647 2219.38 538.318 -41.0439    2207.31
2   -517.423    206.614 2218.62 526.605 -38.7051    2212.13
2   -518.458    207.718 2220.86 520.019 -37.1697    2213.54
2   -519.996    209.027 2220.5  518.911 -38.1265    2211.75
2   -517.892    208.487 2217.53 520.782 -31.2844    2213.84
2   -517.894    209.768 2221.92 523.696 -29.4424    2216.62
2   -517.86 211.344 2220.03 524.238 -27.4174    2216.09
2   -521.184    209.135 2222.41 527.634 -25.0688    2216.83
2   -518.559    208.79  2222.4  532.9   -15.8876    2220.54
2   -515.092    212.217 2222.34 538.687 -18.0895    2214.09
2   -514.944    211.764 2222.92 543.498 -16.5703    2213.67
2   -515.848    211.095 2219.92 539.547 -16.5543    2214.85
2   -518.335    210.915 2224.37 539.189 -17.039 2214.19
2   -517.844    207.605 2219.48 537.847 -19.0559    2212.28
2   -517.042    210.049 2218.32 537.155 -16.4263    2212.33
2   -516.542    210.918 2217.15 534.11  -25.7227    2206.91
2   -516.944    207.95  2218    529.792 -28.6515    2207.58
2   -518.809    205.72  2219.41 526.992 -30.653 2207.71
2   -516.93 208.863 2217.23 525.581 -28.5354    2211.8
2   -518.383    208.466 2219.41 522.604 -28.2763    2211.57
2   -513.016    210.566 2217.15 523.209 -26.3099    2213.16
2   -519.19 210.273 2221.15 521.748 -27.3619    2212.3
2   -521.198    207.638 2219.42 520.58  -28.1601    2210.56
2   -522.065    208.922 2221.18 532.975 -18.9693    2211.34
2   -519.929    194.748 2187.93 513.964 14.207  2219
2   -516.789    195.018 2191.17 516.138 21.8648 2222.76
2   -516.217    195.937 2182.34 525.886 21.5815 2214.58
2   -517.958    193.809 2184.53 523.866 30.0269 2221.86
2   -516.242    196.594 2184.83 522.194 29.8918 2221.89
2   -516.489    197.291 2187.86 519.409 32.2248 2222.09
2   -514.792    196.155 2180.09 514.519 29.1681 2222.87
2   -511.849    192.067 2185.36 513.525 25.1541 2219.67
2   -512.201    192.281 2185.71 516.512 28.0174 2219.96
2   -513.24 195.621 2191.42 524.704 27.9997 2222.53
2   -511.555    200.458 2191.47 530.474 24.8217 2219.77
2   -509.898    200.405 2190.24 524.577 21.9312 2225.55
2   -516.573    199.464 2194.51 524.348 21.498  2227.01
2   -514.539    198.394 2193.22 523.538 15.8894 2222.64
2   -517.694    199.767 2199.07 522.677 13.8333 2218.98
2   -512.303    200.783 2196.97 529.735 19.7341 2226.71
2   -515.523    201.562 2198.57 530.596 9.79914 2216.93
2   -516.033    202.422 2201.63 530.885 11.5136 2222.14
2   -511.76 205.271 2202.07 523.255 6.70649 2216.71
2   -515.835    203.072 2200.35 523.342 9.14779 2219.98
2   -515.944    195.287 2196.78 526.494 7.58427 2221
2   -514.552    200.9   2200.91 524.309 5.97064 2217.29
2   -516.875    203.014 2201.68 524.712 9.06033 2220.16
2   -515.466    204.931 2200.54 523.872 6.52936 2215.77
2   -518.505    203.333 2204.51 519.75  5.66548 2215.15
2   -516.373    200.289 2203.91 536.505 7.76618 2211.15
2   -516.896    198.84  2203.73 535.96  6.52275 2210.36
2   -517.446    199.369 2203.51 534.255 7.41559 2208.85
2   -516.126    199.962 2205.33 530.183 2.35601 2208.53
2   -518.557    196.321 2203.07 522.62  0.924016    2213.39
2   -517.432    197.595 2202.96 521.281 0.554249    2215.93
2   -518.224    196.666 2205.51 525.7   -2.72108    2216.26
2   -516.451    196.169 2201.13 531.559 2.27625 2219.83
2   -519.313    198.247 2204.32 535.229 -1.61533    2220.34
2   -521.598    192.739 2198.11 538.085 -2.13155    2221.28
2   -523.392    195.87  2202.62 544.216 -3.31986    2224.86
2   -524.478    194.783 2199.13 554.885 -5.70626    2220.48
2   -528.446    196.688 2206.12 566.977 -7.54206    2218.93
2   -529.204    197.755 2204.06 571.484 -5.03887    2222.22
2   -531.962    195.939 2202.29 568.905 -5.43753    2219.08
2   -535.606    194.244 2200.55 569.061 -2.37899    2222.66
2   -537.02 195.067 2201.92 565.788 -0.978217   2225.02
2   -541.714    189.84  2193.66 564.193 1.37028 2222.72
2   -545.874    184.456 2194.17 570.604 -0.316028   2229.61
2   -547.635    190.429 2189.12 571.21  -1.67038    2225.54
2   -546.346    191.432 2193.39 568.862 -4.71711    2229.02
2   -546.138    194.541 2194.05 566.13  -3.40989    2230.61
2   -546.586    194.241 2187.87 566.818 -8.35587    2225.76
2   -548.243    195.889 2193.22 573.332 -26.2937    2216.95
2   -548.415    195.757 2194.86 578.906 -34.504 2214.57
2   -545.255    194.83  2195.45 576.607 -40.5198    2215.13
2   -537.553    200.084 2198.02 567.941 -44.5084    2217.36
2   -534.756    198.559 2199.65 562.315 -49.3154    2218.53
2   -532.337    200.071 2198.29 561.085 -54.2735    2215.18
2   -527.899    202.268 2199.91 563.563 -59.7637    2209.01
2   -529.135    204.983 2200.23 566.292 -62.982 2205.87
2   -518.494    205.105 2205.17 569.111 -64.9063    2208.79
2   -516.122    217.463 2210.92 563.945 -63.6855    2208.34
2   -515.132    222.6   2214.14 560.57  -65.8874    2204.11
2   -513.699    230.764 2220.44 568.056 -62.0038    2211.86
2   -509.518    227.07  2216    564.399 -65.5001    2209.01
2   -509.821    232.579 2217.62 566.063 -61.0365    2211.49
2   -505.39 241.361 2222.4  558.441 -56.9846    2211.7
2   -506.684    256.554 2227.24 553.48  -57.7371    2214.97
2   -508.443    255.763 2228.24 550.4   -53.0943    2211.16
2   -503.815    258.744 2233.82 548.877 -51.413 2210.97
2   -499.36 262.786 2230.7  549.4   -45.3882    2212.32
2   -500.65 272.976 2233.9  545.489 -44.1178    2213.02
2   -500.856    278.327 2237.96 540.799 -35.9132    2219.12
2   -501.047    276.498 2238.54 542.828 -33.934 2216.57
2   -493.312    273.574 2239.4  547.946 -34.3874    2209.29
2   -494.915    276.038 2244.45 547.732 -37.5311    2209.24
2   -495.766    274.024 2240.99 548.642 -33.5357    2213.45
2   -494.375    276.095 2232.46 544.115 -36.2276    2216.54
2   -493.878    274.683 2236.81 543.292 -32.9653    2213.12
2   -496.156    277.41  2240.8  547.372 -34.8684    2212.18
2   -500.611    274.579 2241.28 551.656 -37.8632    2218.55
2   -502.345    272.936 2242.39 549.32  -34.3145    2213.36
2   -499.514    273.605 2246.68 553.174 -34.172 2210.97
2   -500.273    272.648 2243.53 552.805 -34.3048    2210.77
2   -500.148    272.349 2245.56 552.311 -33.7982    2214.74
2   -500.827    267.622 2246.58 552.957 -32.0254    2216.12
2   -499.155    262.511 2246.27 556.865 -32.3365    2212.92
2   -499.206    264.078 2240.03 555.25  -36.3201    2212.13
2   -500.094    259.933 2243.02 546.052 -37.3587    2218.1
2   -498.149    264.207 2239.35 552.086 -29.0633    2219.09
2   -498.775    263.363 2235.62 551.034 -27.3079    2217.9
2   -504.525    256.085 2235.88 549.309 -25.8932    2218.65
2   -507.103    254.038 2233.4  553.178 -24.9912    2222.39
2   -506.872    251.387 2229.03 548.183 -32.7956    2216.06
2   -504.555    242.47  2227.62 558.148 -20.0551    2225.89
2   -503.018    237.779 2225.12 561.839 -17.6092    2226.07
2   -501.525    236.16  2223.88 561.287 -16.3242    2226.85
2   -503.81 230.417 2223.68 560.425 -11.1142    2234.74
2   -503.993    231.237 2225.45 558.167 -12.7919    2234.89
2   -509.478    233.636 2225.1  558.078 -5.67858    2234.62
2   -504.124    235.389 2225.93 557.567 -0.836128   2236.33
2   -507.768    233.355 2225.34 558.311 1.30324 2238.22
2   -510.052    229.885 2223.43 555.322 2.65385 2233.43
2   -508.098    228.384 2222.38 551.962 6.74755 2237.21
2   -513.318    229.1   2224    549.498 7.4643  2238.02
2   -507.965    234.088 2225.42 543.949 6.00861 2236.01
2   -507.265    233.889 2225.57 546.967 12.869  2235.76
2   -510.944    229.707 2222.41 548.219 13.4844 2236.22
2   -508.821    230.717 2221.8  547.01  10.4354 2234.74
2   -508.612    231.863 2229.3  545.849 10.8082 2239.59
2   -504.395    243.369 2228.52 543.794 9.63361 2239.23
2   -510.135    232.611 2219.43 544.962 12.1321 2238.9
2   -510.353    242.695 2221.66 545.687 13.5235 2235.2
2   -505.565    249.43  2229.68 549.097 10.376  2236.38
2   -504.17 243.969 2222.09 551.248 4.35081 2236.46
2   -505.691    242.677 2225.5  557.48  -1.826  2235.72
2   -505.418    244.998 2225.96 556.078 -5.70961    2231.33
2   -505.771    252.618 2228.43 556.943 -9.83297    2237.19
2   -505.31 254.484 2232.71 562.545 -11.7949    2230.6
2   -506.65 262.106 2236.29 546.576 -25.185 2222.33
2   -498.855    259.29  2236.14 557.215 -24.4088    2219.82
2   -497.36 258.42  2236.01 553.154 -28.8966    2222.34
2   -496.198    262.312 2237.49 555.183 -35.1771    2213.44
2   -492.638    263.338 2237.06 556.358 -40.2139    2215.22
2   -493.674    266.214 2236.7  552.859 -41.9585    2213.51
2   -493.535    266.68  2237.41 554.582 -45.164 2213.05
2   -493.275    267.914 2238.28 551.04  -49.0511    2206.32
2   -493.623    264.368 2238.78 547.155 -49.9502    2210.89
2   -492.762    264.529 2236.47 546.202 -50.8725    2210.8
2   -493.314    257.063 2237.89 547.077 -55.1497    2208.36
2   -498.957    264.366 2237.76 545.327 -47.4132    2213.06
2   -499.582    258.92  2233.12 544.417 -46.829 2211.56
2   -505.671    262.443 2237.35 543.718 -46.2197    2208.16
2   -508.717    256.954 2235.18 546.353 -43.7593    2213.81
2   -511.023    253.023 2230.29 547.749 -36.3349    2215.24
2   -511.51 249.294 2226.77 547.298 -33.1636    2217.43
2   -510.561    241.401 2225.04 547.666 -37.6221    2211.18
2   -508.878    236.776 2221.45 547.659 -24.5687    2210.32
2   -510.503    233.698 2219.8  543.579 -27.278 2215.62
2   -515.251    234.555 2221.32 542.471 -23.8857    2221.02
2   -512.158    234.376 2217.96 556.835 -11.5873    2226.4
2   -516.741    230.674 2219.55 550.206 -5.4775 2227.27
2   -525.048    232.201 2220.59 546.746 -1.99514    2228.09
2   -528.412    229.062 2219.56 540.067 -2.66464    2224.18
2   -523.393    227.342 2215.99 545.435 4.19782 2226.56
2   -521.821    226.306 2215.34 548.741 5.31613 2219.46
2   -521.428    227.242 2210.72 550.73  5.44945 2226.16
2   -529.13 215.218 2213.72 549.419 10.4839 2224.18
2   -524.916    215.122 2209.68 543.739 5.50302 2227.79
2   -517.847    216.781 2208.55 542.891 9.16259 2230.7
2   -518.569    218.468 2210.7  544.314 9.35838 2232.94
2   -522.418    219.879 2214.74 543.033 11.3497 2228.49
2   -517.576    221.52  2212.39 542.199 10.1188 2230.28
2   -517.931    225.052 2214.49 540.353 7.04272 2226.19
2   -519.934    200.476 2210.58 509.051 1.36856 2226.11
2   -518.379    200.195 2211.82 514.387 6.25691 2227.42
2   -520.338    204.437 2211.49 514.891 4.20441 2227.78
2   -520.746    201.722 2210.84 509.016 6.95303 2226.44
2   -519.461    199.42  2206.6  510.098 4.56003 2226.84
2   -525.642    202.922 2211.55 512.222 5.41298 2227.01
2   -519.651    202.268 2212.7  513.229 3.80591 2229.88
2   -518.363    200.082 2212.39 512.47  0.669612    2226.95
2   -520.529    200.414 2216.46 511.881 7.24297 2236.9
2   -509.556    213.605 2219.16 512.939 3.36563 2231.97
2   -515.976    213.059 2224.55 519.704 3.99925 2233.43
2   -512.399    210.44  2224.65 522.926 1.21918 2224.8
2   -513.446    210.441 2225.31 518.6   -6.68345    2225.87
2   -512.279    213.17  2227.13 515.979 -7.92544    2220.73
2   -513.635    210.91  2229.49 525.888 -7.07233    2225.69
2   -510.772    210.042 2217.56 536.89  -8.73487    2232.59
2   -510.504    212.849 2221.24 536.061 -16.6893    2227.32
2   -515.517    209.32  2222.26 530.368 -25.1618    2219.76
2   -514.931    206.357 2220.69 528.423 -28.541 2222.89
2   -514.027    205.508 2216.57 526.755 -30.2436    2224.91
2   -519.115    208.935 2229.41 518.189 -32.4375    2222.69
2   -517.743    214.75  2228.47 512.832 -31.2392    2225.38
2   -514.229    216.802 2230.94 511.861 -28.9077    2224.22
2   -510.188    218.996 2225.69 508.064 -32.3603    2224.88
2   -514.837    218.825 2227.39 515.32  -25.6093    2232
2   -519.043    213.909 2230.64 522.894 -27.3111    2225.1
2   -517.503    211.565 2226.05 528.625 -30.2344    2221.6
2   -520.561    210.389 2228.57 531.339 -32.7646    2220.25
2   -520.307    204.43  2222.09 533.645 -32.8208    2221.15
2   -523.904    202.218 2219.64 525.696 -22.3305    2227.16
2   -529.267    199.71  2215.2  524.937 -21.0578    2223.32
2   -531.091    202.322 2220.72 527.114 -19.9422    2233.39
2   -535.847    202.475 2221.63 545.531 -12.6689    2237.48
2   -537.597    201.693 2220.78 541.712 -10.8007    2241.67
2   -540.898    197.319 2219.41 541.392 -8.94278    2239.44
2   -541.703    197.085 2217.64 542.779 -9.94273    2239.41
2   -548.835    201.669 2217.3  546.631 -3.97144    2245
2   -550.151    200.567 2214.57 536.311 -6.67756    2242.15
2   -551.404    196.883 2207.36 534.179 -5.75518    2242.11
2   -550.449    196.042 2210.8  531 -5.95116    2236.61
2   -552.745    196.031 2207.98 531.211 -5.4364 2236.94
2   -551.518    195.71  2207.61 528.011 -9.29189    2238.15
2   -551.784    194.595 2205.85 524.145 -6.96964    2239.99
2   -550.718    192.927 2208.19 526.065 -0.611446   2245.93
2   -548.856    194.419 2205.8  532.56  4.50014 2253.02
2   -545.893    197.345 2208.47 544.751 -2.9445 2248.36
2   -546.025    197.478 2207.98 550.633 -11.516 2248.48
2   -547.465    201.302 2214.09 552.568 -7.75603    2243.2
2   -548.128    200.242 2212.52 553.027 -17.9401    2239.23
2   -546.411    199.667 2211.8  547.28  -24.6706    2239.5
2   -540.064    199.413 2210.1  541.935 -28.8002    2235.43
2   -534.812    200.769 2210.71 547.347 -27.9175    2238.95
2   -532.961    197.087 2211.93 553.67  -35.3277    2237.9
2   -536.005    215.011 2219.02 552.661 -40.3122    2238.73
2   -539.79 207.438 2217.6  548.217 -39.6157    2238.79
2   -536.046    202.806 2214.65 558.39  -34.1768    2240.45
2   -532.296    202.631 2217.67 561.07  -32.7555    2239.49
2   -535.008    205.859 2221.38 557.732 -33.6988    2238.11
2   -530.161    213.291 2220.16 555.783 -35.2133    2237.54
2   -532.019    216.265 2216.74 555.6   -35.6639    2238.38
2   -530.288    214.934 2213.2  556.769 -38.4509    2237.98
2   -529.092    217.682 2216.23 556.747 -36.5072    2240.1
2   -526.418    218.936 2219.77 557.904 -33.6931    2241.33
2   -523.365    217.596 2219.31 546.037 -34.1904    2237.3
2   -521.683    218.525 2218.9  542.896 -33.3839    2241.15
2   -516.954    219.149 2217.11 549.958 -37.4635    2241.59
2   -516.443    224.716 2217.98 552.713 -36.578 2236.11
2   -513.275    224.532 2214.24 552.423 -35.3037    2241.75
2   -516.691    228.126 2221.48 547.638 -32.0283    2239.69
2   -522.522    219.822 2213.14 547.126 -31.9957    2243.22
2   -516.378    227.226 2217.72 546.755 -35.2158    2239.64
2   -510.168    232.078 2213.75 546.455 -34.7021    2240.21
2   -510.267    230.105 2210.79 546.094 -32.7503    2237.36
2   -508.461    228.562 2208.18 544.538 -29.1397    2236.14
2   -511.863    225.415 2211.47 543.365 -29.5147    2231.21
2   -513.356    224.103 2213.04 544.306 -30.7015    2232.73
2   -515.936    220.916 2214.22 545.238 -34.2865    2230.25
2   -513.698    223.611 2209.15 545.523 -32.7227    2234.73
2   -514.068    220.643 2212.83 544.561 -30.7669    2233.79
2   -515.45 219.482 2210.55 545.234 -30.7247    2232.82
2   -516.725    219.856 2209.64 544.435 -29.0059    2231.44
2   -515.983    223.032 2215.34 544.144 -30.2706    2232.19
2   -517.729    214.215 2213.56 540.297 -29.9226    2228.55
2   -520.082    214.523 2211.1  534.632 -33.7631    2230.17
2   -521.222    216.632 2211.55 532.315 -31.8756    2230.62
2   -520.097    215.698 2214.05 525.822 -31.1651    2226.79
2   -522.548    210.337 2210.06 528.194 -23.8527    2234.55
2   -519.278    215.283 2209.33 527.956 -22.4808    2233.42
2   -520.603    216.939 2209.99 542.399 -14.8283    2237.8
2   -523.536    218.225 2209.66 549.1   -10.4919    2242.03
2   -527.324    218.576 2211.03 543.65  -9.01568    2235.07
2   -526.891    213.504 2207.64 540.96  -8.56235    2236.52
2   -525.619    212.648 2202.1  542.149 -7.99545    2237.56
2   -526.328    216.374 2206.3  541.962 -7.77503    2235.65
2   -526.527    219.692 2201.32 532.41  -9.03999    2228.06
2   -526.43 217.686 2199.6  527.098 -6.40487    2222.83
2   -529.367    215.106 2199.73 527.587 -8.03057    2220.76
2   -528.016    215.369 2198.47 527.961 -7.72025    2222.72
2   -526.82 216.627 2200.01 524.948 -8.79311    2221.81
2   -521.948    222.721 2197.77 524.877 -10.0985    2223.71
2   -511.214    230.017 2199.8  531.667 -6.60697    2233.33
2   -509.912    226.796 2202.05 536.809 -7.94342    2231.94
2   -507.243    228.965 2206.09 542.222 -9.57253    2234.47
2   -499.957    235.49  2198.73 542.636 -13.4135    2232.98
2   -495.686    235.226 2198.97 533.188 -23.175 2221.77
2   -504.397    222.832 2205.53 528.269 -26.6972    2223.63
2   -502.298    231.065 2203.83 528.897 -27.4663    2224.61
2   -501.507    237.884 2209.64 524.538 -40.9137    2221.03
2   -507.679    234.778 2206.78 541.417 -37.2846    2226.98
2   -499.013    242.459 2209.09 540.539 -35.3778    2227.14
2   -499.153    234.126 2206.55 554.934 -46.748 2229.52
2   -500.862    231.833 2205.18 554.404 -50.56  2231.1
2   -501.243    230.786 2208.8  550.46  -57.6256    2227.16
2   -507.941    218.542 2204.09 553.447 -55.3984    2231.47
2   -499.772    241.465 2213.68 555.005 -57.9489    2231.19
2   -504.199    219.188 2205.43 550.544 -61.8744    2226.7
2   -506.138    221.117 2205.58 552.61  -61.9756    2227.45
2   -504.779    217.861 2200.03 554.298 -62.8236    2226.34
2   -500.212    227.038 2200.55 554.737 -65.3818    2225.3
2   -501.688    230.289 2201.7  549.875 -59.7468    2229.09
2   -506.814    232.757 2206.4  547.099 -55.7143    2234.11
2   -504.784    236.119 2205.83 548.1   -51.0799    2237.71
2   -510.918    225.39  2198.99 557.063 -48.1973    2237.36
2   -511.747    220.181 2196.75 558.6   -41.5928    2235.74
2   -517.386    218.155 2195.6  555.091 -39.5507    2231.25
2   -518.807    216.48  2190.65 558.232 -39.2497    2228.78
2   -522.097    214.025 2187.89 552.696 -36.9999    2223.47
2   -527.088    212.606 2190.55 548.271 -35.3271    2227.72
2   -522.526    213.865 2190.95 544.169 -29.7398    2230.37
2   -522.036    215.09  2191.24 535.166 -27.021 2228.79
2   -519.994    215.431 2189.16 539.832 -16.9833    2237.43
2   -524.179    215.015 2192.06 541.813 -10.727 2234.9
2   -518.414    215.671 2186.24 539.981 -10.2608    2233.55
2   -515.321    220.586 2187.95 538.41  -8.08293    2230.25
2   -507.999    229.594 2194.64 533.357 -9.42188    2225.74
2   -507.985    231.661 2194.98 529.579 -9.83554    2225.79
2   -501.837    231.063 2191.97 525.865 -10.1825    2224.69
2   -493.068    230.391 2190.94 528.909 -11.7409    2226.64
2   -492.817    227.337 2194.99 536.282 -14.3423    2225.51
2   -484.385    232.741 2195.62 536.794 -19.169 2228.14
2   -483.791    234.258 2197.96 533.385 -19.7235    2223.15
2   -484.382    237.574 2199.58 529.433 -23.6901    2224.38
2   -480.497    240.069 2200.14 528.857 -28.2865    2225.9
2   -485.75 240.019 2201.58 529.436 -30.6452    2223.66
2   -486.697    242.176 2202.44 530.683 -32.8771    2223.71
2   -481.891    236.452 2198.22 540.192 -31.4185    2235.08
2   -484.275    231.196 2200.29 547.317 -36.4366    2232.38
2   -485.955    232.162 2200.86 551.612 -35.6995    2238.51
2   -484.323    233.028 2201.72 563.158 -47.6557    2238.46
2   -484.316    233.357 2203.13 556.497 -50.586 2235.15
