GRT_LABELLED_CLASSIFICATION_DATA_FILE_V1.0
DatasetName: NOT_SET
InfoText: 
NumDimensions: 3
TotalNumExamples: 1800
NumberOfClasses: 2
ClassIDsAndCounters: 
1	900	NOT_SET
2	900	NOT_SET
UseExternalRanges: 0
Data:
1	659.35	-14.2578	2206.88
1	660.541	-10.9142	2204.58
1	661.742	-13.4179	2203.32
1	664.69	-14.6035	2203.73
1	667.81	-15.0656	2207.66
1	665.687	-12.8093	2206.66
1	664.62	-11.7159	2208.48
1	662.752	-10.5457	2206.17
1	659.248	-10.8276	2205.04
1	658.337	-13.8712	2205.59
1	663.457	-12.8849	2207.35
1	665.708	-12.2354	2208.67
1	667.559	-12.7456	2205.15
1	668.801	-15.4526	2207.04
1	662.8	-12.5769	2209.9
1	642.121	-14.9441	2201.68
1	650.34	-19.6143	2202.71
1	652.853	-22.5545	2203.11
1	655.703	-22.5441	2204.9
1	655.076	-21.6248	2203.53
1	651.433	-23.2327	2202.57
1	648.019	-22.299	2203.31
1	646.729	-15.9275	2201.04
1	648.845	-11.8009	2206.34
1	650.922	-8.56411	2210.47
1	654.548	-9.70775	2206.86
1	658.577	-11.1004	2209.76
1	661.276	-16.0589	2211.4
1	658.911	-12.7887	2207.55
1	662.846	-13.76	2207.32
1	663.384	-15.3468	2206.57
1	662.63	-15.7006	2208.54
1	660.126	-13.4203	2203.84
1	657.794	-9.48545	2207.6
1	659.006	-6.05084	2210.42
1	657.27	-6.38271	2206.72
1	654.494	-7.17941	2204.52
1	662.771	-3.99688	2214.64
1	666.595	-3.90718	2211.76
1	668.004	0.0988904	2212.04
1	666.088	-0.631954	2209.65
1	665.158	-1.27096	2212.15
1	656.654	5.68895	2211.4
1	655.397	9.05208	2210.4
1	652.397	9.45935	2209.71
1	655.361	6.13968	2209.26
1	655.889	7.43564	2211.37
1	659.667	6.55741	2210.36
1	662.364	4.6308	2208.2
1	662.636	1.15542	2208.38
1	662.605	-3.61029	2205.09
1	666.577	-4.1541	2209.84
1	655.826	1.15024	2206.05
1	649.016	4.78454	2203.75
1	662.505	-2.10546	2208.75
1	662.561	-1.31112	2206.53
1	667.516	1.22144	2211.64
1	668.285	1.76185	2210.17
1	665.229	0.317243	2204.89
1	668.492	0.388338	2204.29
1	672.851	3.90017	2207.76
1	673.838	5.83017	2209.87
1	665.921	3.70418	2206.83
1	661.718	6.61822	2205.95
1	663.9	5.45017	2207.06
1	666.279	9.617	2205.92
1	661.637	16.1504	2207
1	661.487	8.59778	2199.72
1	667.15	7.35569	2204.36
1	674.801	5.35432	2201.79
1	680.784	6.97315	2206.23
1	680.505	4.67362	2201.1
1	677.571	4.78969	2199.56
1	677.789	10.2109	2200.13
1	677.54	9.57223	2201.79
1	677.849	8.80775	2200.62
1	671.9	10.1846	2197.67
1	670.836	11.2655	2197.27
1	669.109	11.7946	2196.66
1	668.649	11.1216	2193.24
1	667.106	11.3862	2193.79
1	670.929	9.52686	2194.44
1	666.822	10.8073	2185.76
1	666.117	14.6387	2195.22
1	668.683	9.29742	2192.55
1	662.307	8.24195	2184.41
1	661.562	16.5089	2193.09
1	666.686	11.0058	2189.84
1	670.129	11.7148	2192.48
1	669.21	10.6443	2190.36
1	662.703	13.0353	2184.52
1	660.007	13.0915	2185.93
1	661.755	15.6303	2192.8
1	664.178	16.3763	2190.28
1	666.759	18.0134	2192.09
1	668.04	23.0889	2198.73
1	668.693	24.7116	2196.03
1	668.272	24.5875	2198.61
1	668.076	24.1004	2194.46
1	666.123	23.8018	2195.11
1	662.505	23.2314	2188.18
1	662.41	23.4673	2191.65
1	659.527	20.1586	2196.05
1	659.657	23.0932	2191.2
1	661.945	22.4487	2189.21
1	663.312	20.0429	2193.45
1	665.162	18.7017	2195.48
1	663.374	17.3268	2191.83
1	666.404	9.34474	2190.88
1	664.177	11.2302	2190.08
1	665.856	13.6988	2192.43
1	670.154	9.59067	2193.69
1	670.145	13.8551	2194.38
1	671.852	9.96809	2195.91
1	672.046	8.28829	2194.75
1	669.905	7.48284	2189.14
1	667.644	7.59896	2192.09
1	667.365	7.63536	2192.1
1	666.354	6.11204	2190.75
1	665.509	9.0992	2190.82
1	661.053	8.39009	2189.85
1	662.341	9.06923	2189.27
1	660.701	9.19577	2190.59
1	663.278	7.69657	2191.99
1	666.793	10.1866	2191.48
1	666.058	11.8579	2191.48
1	664.651	10.1847	2188.2
1	664.447	9.47747	2187.37
1	663.871	9.09321	2185.9
1	669.464	11.8279	2189.82
1	670.67	8.73634	2186.44
1	674.062	8.51704	2186.24
1	669.184	8.67998	2181.4
1	667.38	8.89765	2183.72
1	669.782	9.49635	2187.79
1	669.715	10.8135	2187.12
1	667.224	13.4455	2186.28
1	665.566	12.7813	2181.76
1	667.227	13.3754	2186.09
1	667.38	12.6212	2183.95
1	665.967	13.2967	2184.23
1	663.979	10.0664	2179.9
1	664.511	13.5159	2189.22
1	666.811	13.449	2188.4
1	664.392	13.0832	2184.74
1	663.971	12.0727	2184.53
1	665.566	12.1298	2190.45
1	665.592	15.1539	2187.56
1	665.597	10.4905	2186.43
1	664.921	8.17254	2184.55
1	663.593	7.80665	2180.06
1	663.423	11.6304	2184.38
1	664.071	11.6844	2184.65
1	666.071	9.88649	2189.15
1	664.316	8.19909	2185.03
1	662.309	9.17933	2183.92
1	659.409	9.94321	2183.56
1	661.528	9.29519	2183.86
1	662.182	7.3534	2181.46
1	663.591	8.85519	2188.31
1	667.662	7.51752	2183.02
1	663.484	11.4803	2188.71
1	658.882	12.9784	2185.74
1	663.429	12.884	2190.89
1	638.866	18.97	2187.48
1	641.714	17.2054	2190.5
1	663.022	12.4734	2196.26
1	669.671	7.92627	2190.92
1	670.561	12.409	2191.57
1	669.361	9.60504	2193.35
1	669.178	11.322	2194.73
1	669.345	10.418	2195.71
1	668.65	12.4544	2197.19
1	666.285	11.6715	2196.72
1	645.603	18.0693	2194.34
1	667.539	9.23474	2193.71
1	644.048	15.579	2192.8
1	661.271	13.2981	2194.45
1	646.316	17.9909	2197.2
1	659.802	12.7375	2197.72
1	636.753	13.1526	2193.5
1	642.566	14.5021	2194.07
1	653.067	11.2632	2194.93
1	667.399	8.91565	2200.82
1	668.646	10.0977	2197.16
1	664.008	8.94808	2197.02
1	659.018	9.18764	2197.87
1	666.346	6.14542	2193.5
1	666.47	7.82771	2195.04
1	668.712	10.9657	2192.38
1	665.892	8.24033	2189.52
1	664.283	5.6436	2192.01
1	667.184	6.09649	2193.97
1	669.981	3.36759	2192.54
1	672.387	2.68218	2192.5
1	674.506	4.74345	2192.96
1	674.236	4.92063	2195.52
1	672.762	6.38968	2191.93
1	672.684	4.18477	2194.51
1	672.303	2.77289	2195.68
1	670.058	0.722955	2188.95
1	671.053	-0.996594	2189.8
1	669.315	-0.830878	2189.55
1	669.908	-0.440147	2189.2
1	671	1.81705	2190.75
1	666.717	2.90693	2188.86
1	660.843	-2.08324	2183.97
1	662.447	1.17713	2185.94
1	674.487	0.036027	2189.61
1	665.465	-2.36643	2187.36
1	664.776	0.334847	2185.03
1	661.154	-1.82344	2180.73
1	670.24	-2.2725	2186.78
1	670.85	-3.3988	2187.9
1	666.807	-4.54689	2186.32
1	664.077	-4.63336	2183.93
1	665.701	-4.55005	2184.13
1	663.825	-5.63898	2180.59
1	664.956	1.83196	2185.46
1	667.307	-3.6465	2188.1
1	666.335	-1.37226	2186.74
1	664.318	0.849151	2188.78
1	662.886	-7.47892	2184.21
1	665.939	-3.94658	2189.11
1	666.189	0.212872	2190.72
1	664.118	-4.71615	2187.51
1	661.602	-3.56671	2183.04
1	664.599	-5.30744	2184.5
1	669.168	-2.87452	2189.38
1	661.631	-2.35337	2182.51
1	660.233	-2.07151	2182.63
1	665.047	-2.91262	2186.71
1	668.767	2.21002	2191.61
1	669.605	1.97516	2193.07
1	668.491	0.194192	2191.58
1	662.736	-3.21321	2182.94
1	668.494	0.627164	2191.88
1	657.663	-1.80217	2183.58
1	659.692	-1.26169	2184.52
1	668.535	-2.94311	2185.94
1	672.196	-9.36812	2183.89
1	670.805	-9.54053	2186.7
1	664.15	-5.39907	2186.25
1	658.786	0.320545	2190.77
1	668.244	-3.41215	2186.81
1	667.158	-0.255342	2188.02
1	664.466	-2.63245	2186.96
1	665.429	-4.91848	2188.32
1	667.513	-2.30494	2190.26
1	666.652	-1.50292	2189.59
1	668.059	-0.640516	2189.81
1	664.581	-2.5402	2184.96
1	666.202	-6.04747	2184.78
1	664.04	-5.44496	2183.57
1	663.662	-6.98947	2182.5
1	663.011	-4.87666	2180.32
1	662.63	-2.00707	2183.23
1	668.967	-4.28039	2190.5
1	670.947	-3.61258	2190.24
1	668.143	-4.70348	2185.83
1	671.256	-2.67357	2188.62
1	661.826	-3.89029	2184.5
1	666.5	-1.36255	2185.91
1	668.942	-3.74845	2184.19
1	675.193	-0.827686	2184.83
1	679.316	-2.02641	2190.69
1	677.666	0.282546	2191.08
1	675.629	-0.906169	2186.9
1	675.391	-0.711826	2189.48
1	665.911	-2.09636	2190.66
1	661.204	3.39685	2186.94
1	662.923	5.37221	2188.84
1	664.798	4.37654	2191.82
1	666.36	-3.73854	2184.75
1	669.871	-3.26197	2185.99
1	670.701	-1.45437	2186.88
1	670.583	-3.51497	2182.25
1	673.952	-3.86026	2183.54
1	668.645	-3.72382	2185.99
1	664.73	-1.90152	2185.31
1	666.377	-2.21428	2186.89
1	663.859	-3.74929	2182.1
1	669.171	0.245114	2190.26
1	666.574	3.22361	2187.11
1	665.399	3.98112	2185.14
1	661.244	1.33595	2185.91
1	659.051	-5.21912	2180.08
1	668.707	-3.37142	2183.17
1	673.219	-3.98113	2183.04
1	672.966	-2.36852	2189.18
1	666.966	-0.761087	2189.14
1	660.77	-1.44198	2178.85
1	663.042	0.547683	2187.57
1	669.218	2.13399	2187.42
1	670.103	-0.947418	2182.99
1	665.516	0.951358	2187.49
1	665.236	1.20229	2187.04
1	669.857	1.299	2189.58
1	675.371	1.81286	2185.84
1	677.394	4.24678	2190.64
1	707.212	29.6125	2109.89
1	712.144	28.7753	2116.25
1	712.623	30.2983	2114.85
1	712.368	29.7584	2112.92
1	711.611	32.0268	2115.56
1	710.272	28.1917	2111.06
1	710.093	28.7334	2112.14
1	711.435	29.7142	2113.43
1	708.378	28.7235	2112.12
1	708.986	27.9616	2109.55
1	705.975	26.8466	2102.72
1	706.273	28.1643	2104.67
1	710.553	23.7859	2105.44
1	710.917	19.4013	2105.37
1	705.233	18.1789	2102.3
1	699.734	23.7588	2105.48
1	699.055	27.0382	2107.75
1	699.27	25.7089	2103.74
1	699.989	27.9495	2097.91
1	699.312	21.4543	2096
1	701.533	26.1404	2100.87
1	703.314	28.3242	2102.52
1	704.869	27.6385	2098.84
1	706.048	28.0246	2101.06
1	706.041	24.6106	2099.2
1	703.222	24.0366	2095.31
1	698.819	26.2294	2093.38
1	697.435	28.4808	2093.49
1	700.07	31.397	2094.69
1	699.074	29.2389	2092.21
1	698.837	28.1267	2094.8
1	701.165	30.132	2091.72
1	708.652	28.5079	2095.51
1	695.409	30.416	2091.53
1	687.393	30.2193	2086.35
1	682.415	32.5272	2087.63
1	679.668	33.6814	2090.49
1	680.263	34.0304	2089.64
1	696.854	30.6152	2093.96
1	698.861	31.2455	2097.12
1	697.151	29.0868	2095.14
1	696.179	28.0657	2092.03
1	692.877	21.2927	2092.43
1	692.192	20.347	2094.67
1	691.724	20.312	2096.23
1	692.828	20.5198	2089.8
1	692.907	16.276	2088.44
1	693.506	16.9027	2093.32
1	691.497	19.7057	2092.74
1	689.828	22.0756	2092.38
1	689.491	22.684	2092.79
1	690.809	22.1905	2096.13
1	692.437	20.9334	2095.7
1	694.598	21.9447	2097.03
1	694.184	22.5775	2095.9
1	695.227	25.0217	2097.84
1	692.136	25.8687	2094.36
1	689.21	25.7433	2091.08
1	692.324	29.3521	2093.61
1	696.719	33.5336	2101.06
1	699.09	28.4344	2096.17
1	701.193	29.0159	2096.89
1	705.178	29.8104	2097.64
1	702.638	26.2542	2093.21
1	706.775	28.0027	2096.25
1	706.386	27.886	2093.67
1	702.088	26.3161	2092.53
1	701.041	31.2806	2094.08
1	695.819	31.5588	2094.44
1	692.932	29.2005	2094.49
1	693.431	30.4539	2091.14
1	694.575	29.2113	2093.22
1	697.897	27.6702	2096.21
1	706.584	28.81	2091.45
1	709.595	28.0293	2095.16
1	712.011	25.7115	2091.66
1	715.043	25.8373	2096.12
1	713.1	25.6781	2097.2
1	712.33	24.9349	2093.3
1	716.359	24.3379	2095.67
1	712.796	27.0681	2098.29
1	702.422	27.7209	2094.73
1	698.597	29.4233	2092.55
1	700.278	29.5925	2093.11
1	700.449	28.9871	2094.19
1	704.648	28.0142	2095.79
1	702.968	27.4233	2093.07
1	705.048	29.2391	2096.96
1	705.479	28.8948	2096.72
1	701.128	26.4674	2092.99
1	694.464	32.2	2095.89
1	690.663	33.7749	2095.83
1	693.843	31.6324	2095.08
1	700.522	28.2393	2095.8
1	695.139	28.5807	2089.34
1	693.189	32.034	2090.89
1	696.301	31.3289	2092.17
1	696.539	29.4084	2091.78
1	697.331	30.005	2091.72
1	698.798	29.878	2090.68
1	695.176	30.5183	2089.14
1	698.638	29.5308	2091.03
1	698.142	30.5906	2090.67
1	701.324	25.8442	2089.28
1	695.652	30.1975	2087.52
1	692.459	30.7096	2086.07
1	691.958	30.8091	2089
1	691.68	30.5533	2085.17
1	692.077	30.5263	2085.01
1	693.539	31.1368	2087.9
1	690.547	30.8338	2085.23
1	693.099	32.5942	2088.57
1	694.215	30.3759	2087.85
1	696.295	29.9723	2087.13
1	702.244	28.5919	2086.23
1	704.869	29.9588	2088.17
1	706.03	28.7499	2089.38
1	704.017	31.7521	2090.32
1	704.315	31.9766	2090.31
1	705.734	31.1792	2092.77
1	702.367	31.9163	2088.8
1	702.31	32.0208	2091.57
1	701.732	34.208	2089.88
1	700.6	35.2245	2090.82
1	702.691	35.3635	2095.08
1	699.595	35.2555	2094.91
1	697.305	32.7924	2093.41
1	698.634	32.927	2092.43
1	696.179	32.5728	2091.13
1	700.667	31.3343	2093.6
1	703.957	29.9047	2095.53
1	704.848	29.7736	2096.68
1	705.473	28.278	2091.13
1	710.474	28.729	2096.65
1	709.949	26.2469	2091.06
1	708.678	29.2115	2091.73
1	707.602	28.3777	2089.99
1	705.562	26.4384	2093
1	707.39	29.0934	2096.74
1	706.122	28.0988	2095.24
1	703.328	30.1797	2092.9
1	705.682	30.0463	2093
1	705.025	27.0625	2094.17
1	703.726	29.1847	2092.25
1	703.047	30.2631	2093.84
1	705.19	29.5698	2093.04
1	708.066	28.4054	2093.03
1	710.021	27.6297	2093.95
1	711.512	30.6338	2097.42
1	706.629	31.9381	2095.35
1	702.183	30.1714	2091.83
1	701.235	31.0112	2093.07
1	704.946	31.7145	2093.44
1	704.581	33.5045	2096.5
1	704.587	33.3522	2095.26
1	704.036	35.5667	2099.04
1	701.271	36.4045	2096.93
1	699	38.3174	2095.74
1	696.428	34.3145	2092.78
1	697.999	36.0476	2093.04
1	697.867	34.9408	2091.43
1	692.908	38.5614	2089.88
1	698.882	36.0141	2093.26
1	701.31	35.9098	2096.63
1	699.507	34.7335	2092.97
1	703.77	34.4455	2093.94
1	706.786	33.4111	2099.12
1	701.676	31.6478	2091.78
1	700.019	31.3889	2091.81
1	697.847	31.9046	2089.58
1	696.174	30.4367	2089.28
1	696.085	32.6035	2087.93
1	697.154	32.916	2090.15
1	696.683	32.8134	2090.47
1	696.474	31.5965	2091.38
1	696.992	31.9725	2091.12
1	698.883	31.5364	2091.72
1	701.83	34.1271	2090.98
1	700.27	34.5698	2089.34
1	695.78	35.4148	2088.99
1	695.801	32.5078	2089.42
1	700.813	30.001	2086.32
1	706.533	29.6672	2091.09
1	704.074	26.1718	2085.76
1	708.001	26.4029	2088.79
1	709.2	26.8577	2087.02
1	709.777	28.5197	2087.61
1	708.932	26.8554	2085.57
1	701.375	26.4001	2084.18
1	697.348	30.5761	2088.18
1	697.22	32.3003	2089.3
1	696.842	32.4647	2090.47
1	699.458	29.011	2088.93
1	702.719	28.7206	2089.87
1	703.43	29.3507	2088.95
1	703.191	28.4452	2086.83
1	703.967	28.1063	2088.4
1	704.932	29.4387	2091.38
1	700.03	28.6876	2087.76
1	694.861	30.3121	2087.39
1	698.178	29.4519	2090.58
1	695.22	27.3637	2086.97
1	706.297	28.4863	2091.48
1	712.59	27.3888	2093.6
1	714.515	25.9988	2093.56
1	716.001	25.2512	2092.62
1	716.975	24.9718	2095.28
1	712.138	26.2511	2092.67
1	705.702	28.335	2093.57
1	706.674	28.2019	2090.52
1	706.671	28.5271	2095.35
1	705.466	25.5364	2090.23
1	704.584	26.5137	2089.76
1	705.547	25.127	2092.43
1	705.356	27.2129	2088.11
1	708.265	24.7406	2091.84
1	710.288	26.496	2092.11
1	710.603	25.8375	2093.1
1	710.099	26.4315	2090.85
1	712.739	27.1425	2093.33
1	714.486	25.4881	2093.85
1	709.74	23.4478	2090.94
1	708.584	27.5792	2094.36
1	700.994	27.026	2089.27
1	698.461	31.2972	2092.85
1	694.352	32.0389	2090.74
1	692.067	30.2946	2092.56
1	691.325	29.3232	2090.45
1	690.044	27.806	2089.27
1	689.52	26.7523	2090.43
1	689.258	27.3865	2092.89
1	686.453	24.4719	2089.33
1	689.034	24.4034	2091.15
1	687.572	25.9548	2092.19
1	685.884	25.6876	2092.83
1	687.511	27.3211	2095.51
1	686.948	24.9237	2090.99
1	684.335	21.7069	2086.81
1	687.531	26.425	2096.71
1	688.493	25.505	2094.39
1	686.968	27.3994	2093.56
1	688.562	25.3313	2094.41
1	691.807	24.331	2095.63
1	692.823	26.3148	2098.17
1	692.245	30.3778	2095.4
1	691.835	28.0576	2093.51
1	692.535	31.0171	2091.46
1	695.127	32.5834	2097.16
1	693.531	33.8041	2097.5
1	692.722	34.654	2093.65
1	696.263	39.0546	2098.84
1	698.014	40.7833	2097.46
1	698.997	40.86	2095.7
1	700.027	42.7618	2099.99
1	680.528	46.6756	2096.69
1	684.113	52.5517	2099.99
1	688.542	54.323	2098.61
1	690.43	55.689	2100.43
1	695.249	54.8166	2097.58
1	699.879	57.3077	2099.44
1	700.612	61.8171	2100.97
1	693.16	66.6159	2098.39
1	688.763	69.8584	2098.66
1	688.779	73.0344	2105.74
1	687.011	73.5932	2105.29
1	687.272	71.0371	2098.03
1	691.027	69.0269	2099.27
1	694.619	71.1894	2101.49
1	689.708	68.3922	2096.16
1	690.329	68.9597	2096.36
1	689.775	70.4403	2095.46
1	690.749	69.2467	2096.3
1	692.791	67.9497	2098.68
1	689.938	69.1989	2097.47
1	690.847	71.2672	2095.64
1	694.249	70.6801	2100.2
1	690.491	71.4274	2099.91
1	691.466	68.5103	2096.22
1	695.144	71.7203	2099.31
1	692.619	72.8538	2099.52
1	690.637	77.0655	2096.13
1	689.326	76.7872	2094.48
1	691.677	79.5045	2096.43
1	694.356	83.3648	2099.63
1	694.759	89.7757	2098.75
1	693.265	92.5171	2094.87
1	693.872	95.6601	2097.45
1	692.047	97.9115	2099.87
1	688.356	105.4	2097.96
1	686.094	105.591	2095.88
1	684.565	111.067	2097.05
1	685.194	114.453	2098.82
1	691.963	117.203	2101.07
1	695.638	117.525	2101.16
1	705.539	123.749	2109.26
1	705.113	122.915	2107.54
1	698.389	124.516	2102.37
1	696.304	123.703	2102.5
1	695.507	125.934	2102.26
1	696.414	124.057	2103.04
1	675.909	22.793	2088.06
1	674.475	31.9842	2087.07
1	675.709	34.0572	2089.27
1	665.305	37.852	2087.35
1	671.908	46.4336	2084.99
1	678.307	57.2287	2097.35
1	676.181	58.4278	2091.07
1	677.181	65.2317	2091.21
1	674.596	71.3391	2093.7
1	673.642	74.1362	2094.91
1	676.719	76.388	2093.76
1	672.043	78.6997	2087.9
1	679.518	86.034	2095.54
1	683.314	89.9187	2097.42
1	681.603	91.7503	2091.81
1	676.868	100.633	2093.53
1	676.758	99.7283	2094.78
1	662.637	103.792	2095.8
1	660.339	114.939	2095.15
1	664.302	120.853	2094.9
1	684.518	115.682	2097.3
1	688.337	118.303	2096.7
1	685.79	126.026	2102.73
1	676.914	124.117	2097.48
1	673.306	125.497	2102.12
1	670.15	125.147	2104.64
1	663.916	116.233	2094.24
1	664.909	116.099	2093.93
1	666.011	113.635	2097.48
1	665.475	112.234	2100.01
1	659.219	107.479	2100.58
1	661.294	100.047	2100.05
1	663.858	95.3278	2096.75
1	662.328	95.9514	2096.35
1	661.559	100.072	2097.5
1	663.257	92.5555	2095.93
1	665.831	87.8911	2098.57
1	665.681	86.6368	2096.62
1	662.643	86.4281	2092.8
1	660.174	83.5221	2093.76
1	660.759	82.2565	2089.62
1	660.904	79.5924	2087.79
1	662.625	74.6684	2088.55
1	660.572	74.9746	2089.34
1	658.395	71.7854	2084.91
1	662.342	71.4563	2092.26
1	662.482	67.7337	2088.39
1	661.572	60.2968	2086.57
1	659.335	59.7604	2080.61
1	660.277	61.1257	2083.57
1	661.395	61.4287	2086.52
1	660.822	59.2245	2083.58
1	658.579	59.3257	2083.32
1	658.014	57.9652	2079.86
1	657.205	52.4217	2075.64
1	657.008	46.7177	2075.07
1	658.211	46.8932	2074.2
1	659.5	50.8025	2077.77
1	659.452	51.4796	2080.29
1	661.937	57.3003	2083.77
1	661.247	60.2413	2084.83
1	661.553	62.6923	2085.79
1	657.494	65.7876	2080.15
1	662.452	66.6595	2088.43
1	663.661	71.6535	2088.03
1	661.726	73.9947	2088.48
1	661.736	74.7216	2088.49
1	662.097	76.5571	2086.62
1	662.087	77.4445	2085.01
1	661.454	83.1832	2087
1	662.747	86.6501	2089.26
1	661.505	90.2203	2090.89
1	663.034	89.0992	2091.37
1	661.415	93.2093	2091.6
1	658.759	100.955	2093.06
1	659.08	99.4625	2087.98
1	656.954	100.47	2088.45
1	661.271	98.3354	2089.72
1	656.55	99.8576	2085.13
1	655.96	102.901	2088.58
1	656.682	106.906	2088.48
1	658.037	110.571	2093.57
1	661.737	110.166	2092.74
1	660.058	110.128	2090.98
1	664.219	111.541	2095.31
1	658.869	107.32	2088.27
1	667.684	112.918	2096.06
1	674.8	114.078	2091.95
1	679.532	111.093	2091.5
1	681.773	111.793	2097.03
1	680.686	107.247	2094.88
1	680.537	104.581	2090.77
1	682.724	108.466	2093.63
1	670.149	105.776	2086.05
1	658.083	101.922	2085.73
1	663.82	101.019	2089.86
1	669.681	97.4745	2090.54
1	668.431	92.7173	2087.56
1	674.083	92.5694	2088.65
1	669.702	98.6315	2089.69
1	667.029	95.8272	2092.78
1	662.38	88.0762	2090.86
1	663.27	89.7208	2095.05
1	659.343	86.8317	2090.8
1	658.487	81.6908	2086.74
1	659.937	79.3728	2085.4
1	662.838	76.2943	2086.99
1	665.627	74.6965	2087.53
1	665.169	68.7491	2082.98
1	669.397	70.7394	2078.94
1	672.868	65.9189	2084.94
1	671.816	60.7503	2082.28
1	669.557	57.0025	2074.33
1	676.205	55.2475	2082.06
1	676.288	55.8937	2079.14
1	677.418	52.7973	2077.15
1	676.093	54.7651	2076.91
1	677.498	51.7345	2075.05
1	677.4	50.0178	2073.34
1	681.67	49.7241	2076.86
1	679.801	45.346	2070.9
1	675.372	42.3542	2070.42
1	665.267	36.4109	2072.91
1	665.641	37.2625	2076.04
1	669.808	36.7211	2076.39
1	672.201	38.5555	2073.36
1	675.048	36.0447	2074.6
1	676.632	35.3419	2076.85
1	665.242	35.0933	2071.69
1	657.009	40.21	2070.17
1	655.821	43.8972	2066.11
1	656.557	56.9056	2073.88
1	657.215	64.4974	2075.14
1	656.354	67.628	2075.3
1	658.686	68.2854	2075.27
1	660.85	71.8495	2080.02
1	656.448	71.8169	2071.55
1	657.886	74.7057	2074.53
1	658.363	74.6234	2072.89
1	658.045	82.1053	2081.54
1	658.017	86.7832	2077.19
1	657.418	88.3889	2078.11
1	659.799	89.9006	2084.82
1	662.421	95.4422	2083.79
1	662.713	98.5797	2082.83
1	664.51	94.2339	2078.71
1	665.203	97.4805	2078.8
1	667.399	97.4312	2078.31
1	668.822	97.254	2079.39
1	670.378	95.3273	2080.82
1	667.572	97.8059	2081.02
1	665.319	99.0833	2081.41
1	656.5	102.288	2078.88
1	656.448	99.0762	2080.68
1	655.428	100.469	2080.32
1	653.528	102.754	2082.44
1	661.432	101.638	2088.28
1	657.712	99.8097	2084.11
1	656.092	98.4397	2085.06
1	658.268	95.2182	2087.34
1	661.029	97.4944	2093.33
1	656.527	95.101	2084.65
1	658.109	88.6845	2079.45
1	660.041	87.8172	2084.34
1	657.134	83.8061	2084.89
1	657.961	80.9657	2082.34
1	659.195	74.7001	2077.3
1	656.091	76.2485	2073.69
1	660.484	73.1697	2079.67
1	662.013	73.0363	2078.25
1	661.865	71.3655	2077.91
1	665.944	71.6037	2073.24
1	674.369	66.2583	2070.34
1	671.355	58.849	2065.21
1	666.826	57.2244	2064.34
1	667.263	55.9915	2061.68
1	667.394	55.6902	2067.7
1	665.622	56.6979	2066.43
1	666.625	55.6881	2064.65
1	665.549	53.3119	2059.32
1	661.616	47.8923	2055.12
1	661.034	38.8011	2053.6
1	659.276	42.8912	2053.81
1	663.475	41.2356	2056.21
1	662.537	40.442	2054.39
1	663.784	41.111	2053.92
1	660.71	36.7956	2049.06
1	661.588	40.9442	2054.19
1	662.723	47.9627	2053.69
1	665.883	53.7961	2059.7
1	663.551	57.1435	2060.45
1	664.163	57.4728	2062.73
1	665.295	58.0371	2061.01
1	664.574	58.0881	2058.77
1	666.919	61.4076	2065.38
1	669.235	65.47	2066.72
1	668.769	71.0155	2067.27
1	667.303	68.3157	2069.65
1	668.111	69.5383	2067.91
1	669.061	71.122	2067.94
1	669.102	73.1413	2071.88
1	668.996	74.6739	2072.27
1	666.574	77.2151	2072.64
1	669.301	83.6311	2073.73
1	666.099	83.2279	2073.89
1	666.284	84.7056	2074.11
1	670.362	95.1328	2084.34
1	669.716	94.4381	2082.76
1	669.923	92.8591	2080.97
1	666.285	97.2392	2075.55
1	668.653	99.6595	2081.66
1	668.756	100.526	2083.05
1	662.12	99.9158	2071.81
1	660.049	104.286	2075
1	656.573	105.255	2078.3
1	655.701	110.219	2081.46
1	655.667	116.121	2083.13
1	659.369	116.934	2083.1
1	659.02	118.489	2083.26
1	658.135	117.182	2083.09
1	659.027	115.901	2079.2
1	657.846	114.338	2078.47
1	658.322	117.093	2080.64
1	658.424	110.183	2080.75
1	654.369	108.773	2079.93
1	654.747	104.457	2076.68
1	652.315	104.165	2076.49
1	652.225	99.1136	2074.87
1	654.463	98.1236	2075.41
1	656.062	95.1458	2079.25
1	657.981	95.0946	2083.29
1	657.163	87.2414	2074.92
1	656.722	84.7627	2076.47
1	655.301	81.6083	2075.36
1	657.892	74.1958	2071.43
1	663.331	71.6133	2075.77
1	660.727	70.9429	2071.19
1	661.207	68.6837	2074.94
1	665.129	60.6077	2071.43
1	668.879	58.4255	2069.54
1	670.351	57.7597	2074.68
1	666.798	56.2356	2070.19
1	664.276	51.5008	2063.12
1	662.963	47.6493	2063.48
1	662.255	40.3852	2066.67
1	651.034	41.358	2062
1	646.091	39.1701	2059.91
1	637.752	40.1888	2058.38
1	636.018	39.9276	2057.92
1	637.23	37.4195	2058.57
1	639.286	34.0173	2060.84
1	637.045	32.2211	2057.66
1	635.782	27.5092	2057.49
1	635.513	27.5608	2056.88
1	635.95	27.5979	2056.63
1	635.811	27.3445	2053.83
1	636.709	28.7729	2054.31
1	636.974	29.3872	2054.28
1	636.697	27.8715	2056.59
1	636.511	32.5446	2058.3
1	637.451	39.4628	2060.93
1	636.533	37.5879	2055.57
1	637.877	33.9605	2052.18
1	640.615	36.7451	2056.2
1	641.731	43.6379	2060.26
1	640.262	48.9161	2063.42
1	638.124	52.7568	2060.98
1	637.031	56.617	2062.55
1	639.987	56.5706	2062.11
1	642.047	57.0707	2061.19
1	655.601	59.1395	2062.66
1	670.703	65.854	2065.64
1	670.889	68.3777	2062.55
1	667.304	72.0656	2061.78
1	663.987	72.4205	2060.58
1	659.688	74.5491	2057.13
1	658.509	83.7273	2059.58
1	659.963	87.3356	2062.86
1	660.121	95.5031	2070.65
1	660.601	94.2219	2066.1
1	661.371	96.3511	2065.45
1	663.344	99.194	2067.24
1	658.923	99.7188	2061.95
1	650.121	101.036	2061.99
1	648.425	107.12	2066.28
1	648.46	107.971	2063.49
1	651.013	108.285	2065.63
1	657.369	110.489	2068.4
1	664.365	115.245	2070.29
1	668.317	116.791	2069.66
1	667.671	114.559	2064.32
1	665.624	112.842	2063.68
1	668.583	111.284	2064.95
1	666.591	106.04	2064.98
1	665.556	107.69	2066.72
1	647.734	103.102	2061.91
1	646.111	97.4222	2060.91
1	645.243	95.1976	2061.86
1	651.099	95.8238	2063.31
1	650.434	97.4208	2062.73
2	264.47	362.222	2006.17
2	265.896	364.913	2004.49
2	265.34	365.304	2003.16
2	264.283	362.273	1998.75
2	261.766	356.829	1998.01
2	259.382	359.371	1996.67
2	261.507	360.373	1994.42
2	257.523	363.935	1999.1
2	269.545	361.885	2002.09
2	271.077	360.048	2005.36
2	261.208	360.364	2009.95
2	256.642	355.1	2008.87
2	266.651	348.011	2012.42
2	267.62	350.834	2013.95
2	265.903	356.498	2020.16
2	268.075	351.637	2016.6
2	266.186	350.351	2019.24
2	265.171	349.84	2021.92
2	269.07	346.349	2022.18
2	266.471	348.012	2032.93
2	264.424	350.537	2029.12
2	272.269	346.394	2028.12
2	275.758	340.952	2023.18
2	278.483	343.71	2023.86
2	275.477	342.662	2021.64
2	276.491	345.557	2024.61
2	273.752	342.865	2027.34
2	271.267	344.36	2031.58
2	269.458	342.599	2033.33
2	266.368	347.837	2038.94
2	269.269	341.06	2032.2
2	264.943	341.702	2031.55
2	266.908	341.506	2027.86
2	267.096	340.969	2026.77
2	263.883	342.918	2026.26
2	265.751	344.991	2027.92
2	269.178	342.318	2027.35
2	269.561	340.63	2028.03
2	262.471	340.391	2025.52
2	260.894	345.651	2030.45
2	257.601	345.873	2031.82
2	261.196	343.955	2027.32
2	258.882	345.18	2029.81
2	264.41	340.311	2026.18
2	260.623	345.342	2028.03
2	259.036	348.966	2028.97
2	262.911	348.54	2027.77
2	259.478	348.401	2024.56
2	259.719	347.116	2023.65
2	257.583	350.408	2022.23
2	258.486	349.993	2023.54
2	262.334	347.413	2023.79
2	258.624	347.369	2023.04
2	257.987	347.69	2023.09
2	261.06	345.936	2025.19
2	263.115	343.833	2022.04
2	261.832	343.083	2024.18
2	263.082	343.612	2020.56
2	259.233	345.861	2024.89
2	258.496	348.17	2029.05
2	258.535	349.084	2028.21
2	254.806	352.483	2026.67
2	256.769	353.319	2028.85
2	255.698	351.116	2029.83
2	257.967	352.11	2031.64
2	255.871	351.054	2030.83
2	265.545	342.132	2028.28
2	265.787	342.633	2028.97
2	262.748	342.736	2029.17
2	265.175	341.831	2026.23
2	264.822	344.578	2026.81
2	264.863	342.807	2024.36
2	256.445	346.281	2028.34
2	256.558	350.987	2027.4
2	256.245	353.326	2029.46
2	257.306	351.724	2028.63
2	259.467	349.678	2027.32
2	255.765	347.854	2023.95
2	255.566	345.963	2023.93
2	256.915	345.937	2020.43
2	256.896	343.943	2021.56
2	253.43	344.773	2021.24
2	257.294	342.825	2022.01
2	255.77	345.201	2021.98
2	257.213	343.904	2019.12
2	254.823	343.145	2020.42
2	258.897	340.832	2020.61
2	259.784	342.678	2023.21
2	260.769	342.493	2026.21
2	258.001	341.18	2022.2
2	257.789	343.133	2021.7
2	258.287	343.215	2022.77
2	254.128	343.887	2025.69
2	249.222	344.128	2023.56
2	253.24	345.492	2026.28
2	253.263	345.413	2032.12
2	250.412	344.472	2030.79
2	252.828	347.505	2033.1
2	251.503	352.682	2035.86
2	254.716	351.992	2035.43
2	257.348	351.898	2037.12
2	255.884	351.64	2036.18
2	258.426	351.879	2036.08
2	257.253	350.584	2034.05
2	256.88	350.005	2035.96
2	257.144	348.224	2036.64
2	258.649	349.828	2039.29
2	258.586	345.565	2036.88
2	257.03	349.585	2038.57
2	258.571	346.727	2034.03
2	260.345	345.232	2032.85
2	255.283	344.563	2026.88
2	256.424	344.234	2027.77
2	257.331	344.848	2023.68
2	257.192	346.453	2022.38
2	258.131	345.973	2020.69
2	258.708	344.758	2015.04
2	257.533	346.148	2015.73
2	250.154	347.682	2014.94
2	247.505	350.003	2015.79
2	252.033	356.465	2018.83
2	247.53	353.682	2013.71
2	247.61	359.675	2014.36
2	252.685	357.791	2014.61
2	248.573	359.832	2014.56
2	252.637	357.133	2014.53
2	254.052	351.728	2014.78
2	257.693	355.296	2016.09
2	259.344	352.75	2014.25
2	255.885	350.877	2015.55
2	257.148	352.38	2016.9
2	255.209	349.161	2018.27
2	258.433	347.006	2020.02
2	254.18	347.728	2018.49
2	256.294	344.743	2019.48
2	256.579	347.711	2024.23
2	253.338	348.201	2023.1
2	257.158	351.686	2029.11
2	260.2	348.611	2030.92
2	253.586	344.516	2030.64
2	255.121	344.403	2029.74
2	254.652	339.798	2027.9
2	256.551	340.837	2027.14
2	256.855	343.737	2029.18
2	258.998	345.53	2024.23
2	261.311	345.02	2021.27
2	254.226	352.753	2023.9
2	250	362.505	2019.75
2	248.982	361.215	2019.06
2	247.394	360.709	2019.29
2	249.75	357.608	2015.27
2	247.724	355.404	2013.39
2	245.159	357.705	2011.31
2	246.734	358.418	2009.44
2	247.075	355.861	2009.57
2	245.551	354.591	2006.34
2	248.677	352.467	2007.38
2	249.485	358.174	2009.34
2	255.325	356.682	2011.48
2	247.614	356.668	2011.51
2	247.11	355.532	2010.03
2	260.27	347.141	2013.9
2	257.678	342.849	2016.43
2	256.612	340.559	2020.37
2	257.587	338.577	2022.36
2	258.318	339.41	2024.54
2	262.055	339.985	2027.17
2	258.232	340.736	2028.63
2	257.43	344.176	2030.04
2	261.746	342.618	2034.79
2	253.303	347.364	2030.88
2	252.394	346.621	2035
2	254.396	343.678	2032.78
2	248.465	349.671	2029.82
2	250.064	356.123	2034.39
2	249.226	358.4	2032.01
2	255.612	356.794	2031.54
2	250.571	366.819	2021.91
2	240.201	363.528	2019.6
2	242.829	366.292	2014.43
2	244.358	363.789	2013.08
2	241.389	364.221	2014.17
2	250.008	363.73	2013.74
2	249.048	361.411	2013.32
2	252.702	356.682	2008.13
2	254.21	357.227	2012.39
2	251.621	357.576	2012.99
2	246.288	355.867	2013.1
2	261.137	352.344	2015.14
2	256.861	353.455	2020.25
2	259.321	347.327	2014.9
2	259.926	341.058	2014.73
2	257.89	342.068	2025.68
2	259.914	345.803	2032.05
2	260.864	349.015	2031.89
2	262.468	345.776	2034.64
2	259.273	349.175	2035.17
2	263.767	341.645	2035.13
2	258.095	343.453	2037.43
2	259.235	345.75	2035.71
2	253.007	344.764	2035.95
2	247.365	348.939	2035.43
2	251.726	334.121	2030.85
2	250.954	360.06	2032.6
2	239.495	360.135	2028.93
2	239.713	353.03	2023.93
2	240.617	349.821	2018.71
2	239.159	349.207	2014.81
2	239.328	346.75	2016.18
2	241.678	346.053	2014.77
2	237.35	348.529	2014.25
2	236.547	349.926	2015.27
2	237.353	351.081	2016.25
2	254.636	347.335	2017.8
2	254.764	343.549	2019.75
2	259.02	341.652	2025.42
2	250.566	308.141	2020.4
2	265.709	334.767	2024.35
2	264.52	338.876	2026.65
2	268.469	345.638	2033
2	266.714	342.354	2032.41
2	265.924	344.068	2030.32
2	263.843	345.88	2031.35
2	267.092	338.443	2025.54
2	258.166	341.763	2029.14
2	254.567	342.303	2027.87
2	255.286	344.666	2025.3
2	252.705	340.077	2027.46
2	241.712	343.323	2026.74
2	229.506	299.354	2019.99
2	227.023	299.446	2017.77
2	229.601	333.736	2029.74
2	231.8	344.632	2026.46
2	231.783	343.012	2030.65
2	235.793	344.428	2027.97
2	233.138	343.621	2026.81
2	234.348	340.866	2021.56
2	238.118	340.377	2019.65
2	238.907	347.147	2019.47
2	238.085	346.486	2020.87
2	249.752	340.789	2024.86
2	256.764	344.459	2021.71
2	247.781	342.375	2018.19
2	261.684	344.971	2020.85
2	258.697	339.664	2016.38
2	255.54	340.284	2018.57
2	252.952	337.242	2019.22
2	256.49	339.054	2017.66
2	252.008	344.001	2017.95
2	248.147	345.483	2016.44
2	248.909	345.037	2019.42
2	242.389	346.106	2019.35
2	241.773	348.288	2018.7
2	240.615	346.666	2015.55
2	228.692	336.993	2019.75
2	228.184	341.567	2020.97
2	225.107	342.753	2018.88
2	226.938	341.31	2020.87
2	223.267	341.728	2022.18
2	223.794	343.225	2022.78
2	233.686	343.721	2022.02
2	234.966	345.742	2023.04
2	231.97	338.977	2023.71
2	240.691	345.291	2021.18
2	248.416	337.589	2022.35
2	245.824	343.192	2017.72
2	259.072	340.791	2017.53
2	253.911	344.449	2020.43
2	265.707	338.63	2016.25
2	258.453	343.199	2015.47
2	263.628	342.802	2016.76
2	266.711	343.598	2019.04
2	263.647	342.756	2016.22
2	266.803	338.27	2014.49
2	263.918	334.334	2016.6
2	258.514	335.296	2013.25
2	260.309	335.959	2012.62
2	260.802	334.966	2014.71
2	252.627	340.513	2020.33
2	256.782	339.457	2019.79
2	242.205	338.368	2019.16
2	239.166	339.53	2026.42
2	236.73	341.338	2026.68
2	238.105	339.703	2027.11
2	239.89	335.91	2022.01
2	239.161	342.844	2024.19
2	242.759	345.369	2030.55
2	242.752	345.127	2028.24
2	242.133	344.635	2026.08
2	244.046	345.532	2033.8
2	240.235	345.753	2032.29
2	241.687	350.402	2036.28
2	242.513	344.638	2030.54
2	255.901	344.31	2028.78
2	252.638	335.283	2025.36
2	251.861	334.919	2024.24
2	252.705	334.146	2022.98
2	254.83	333.992	2022.21
2	248.333	332.816	2020.83
2	251.271	334.84	2020.16
2	288.734	354.963	2048.64
2	288.22	362.47	2050.56
2	290.17	361.935	2051.3
2	294.617	361.765	2054.15
2	288.154	366.069	2051.23
2	294.603	358.047	2047.06
2	300.506	341.632	2038.28
2	304.983	360.25	2047.76
2	300.733	357.569	2051.38
2	290.219	337.144	2041.66
2	299.685	352.028	2047.31
2	293.825	351.884	2044.53
2	289.937	358.561	2051.54
2	283.449	363.827	2050.28
2	278.604	363.153	2050.79
2	277.117	357.519	2049.47
2	282.09	349.322	2046.09
2	276.773	348.301	2046.12
2	274.347	347.505	2046.73
2	275.191	349.312	2047.22
2	276.976	347.838	2048.3
2	277.75	350.048	2047.17
2	272.523	353.515	2046.25
2	276.203	361.175	2051.25
2	286.201	363.792	2051.6
2	290.508	365.932	2053.19
2	291.532	366.398	2050.73
2	281.178	360.482	2052.23
2	289.088	366.069	2050.83
2	289.951	356.788	2049.87
2	278.085	341.498	2041.94
2	278.179	347.027	2042.42
2	284.418	363.298	2049.03
2	284.413	359.783	2047.94
2	281.868	356.799	2049.01
2	270.758	356.072	2047.53
2	279.792	357.966	2051.69
2	281.308	353.362	2050.35
2	269.303	349.764	2049.51
2	269.238	345.508	2050.02
2	270.984	344.915	2047.54
2	272.281	344.853	2048.25
2	276.357	347.502	2052.22
2	277.683	348.308	2049.38
2	280.296	350.442	2050.17
2	285.976	356.744	2050.63
2	280.477	354.146	2053.81
2	293.573	351.188	2048.52
2	291.977	354.319	2051.29
2	289.012	355.435	2048.88
2	303.788	351.097	2045.57
2	304.053	354.363	2045.8
2	300.766	353.142	2047.43
2	297.479	361.607	2050.89
2	288.786	354.113	2048.39
2	299.645	349.434	2049.31
2	285.405	357.624	2053.88
2	285.98	356.681	2051.16
2	284.572	353.486	2053.44
2	278.803	348.219	2050.22
2	274.263	346.077	2048.74
2	273.753	345.345	2049.61
2	269.521	344.12	2049.74
2	273.149	345.372	2051.52
2	271.413	345.249	2050.79
2	273.981	345.941	2051.27
2	279.979	347.014	2053.95
2	280.7	348.03	2051.62
2	281.005	348.078	2048.77
2	283.344	350.686	2051.06
2	292.041	357.23	2057.03
2	287.092	353.494	2057.15
2	283.288	353.603	2058.81
2	287.349	351.814	2054.86
2	290.692	349.781	2053.4
2	289.295	347.905	2050.89
2	289.066	347.419	2052.07
2	287.083	350.818	2054.84
2	286.484	348.805	2053.31
2	281.798	349.409	2054.59
2	284.856	350.912	2057.91
2	281.867	349.293	2055.75
2	278.801	350.103	2054.14
2	281.241	350.501	2055.39
2	285.289	348.373	2054.03
2	277.971	355.392	2054.71
2	285.111	352.579	2055.47
2	282.421	353.271	2060.22
2	289.384	356.832	2059.88
2	292.923	344.845	2055.25
2	294.923	340.738	2055.24
2	301.824	335.731	2051.77
2	296.048	347.418	2057.12
2	309.127	342.867	2052.27
2	308.132	344.276	2054.77
2	309.516	343.181	2053.53
2	305.072	350.697	2056.11
2	303.69	343.385	2055.71
2	298.774	338.544	2052.99
2	295.984	346.885	2054.8
2	289.279	348.323	2055.42
2	285.236	350.624	2057.22
2	286.024	351.401	2057.94
2	275.277	353.394	2058.52
2	273.698	352.411	2060.14
2	277.59	352.925	2057.58
2	277.757	350.979	2056.19
2	277.772	352.07	2057.04
2	279.031	353.99	2060.52
2	281.297	351.565	2058.35
2	285.304	348.683	2056.07
2	280.303	349.205	2056.08
2	284.01	349.591	2058.84
2	291.512	352.562	2058.62
2	289.075	348.862	2055.08
2	292.87	348.99	2055
2	297.659	349.895	2059.15
2	299.158	335.542	2052.3
2	291.372	333.772	2052.5
2	293.566	330.063	2048.81
2	294.045	330.35	2047.29
2	297.567	336.755	2051.71
2	290.61	341.571	2051.51
2	289.292	346.74	2052.38
2	286.149	350.572	2055.35
2	285.074	350.641	2058.79
2	281.542	348.787	2052.81
2	285.039	348.362	2056.12
2	279.241	342.31	2057.29
2	276.648	341.647	2057.26
2	278.119	344.903	2059.97
2	273.686	346.107	2060.11
2	275.286	343.986	2061.47
2	274.599	343.963	2062.87
2	284.981	342.13	2059.89
2	286.525	350.562	2061.2
2	288.453	351.57	2058.64
2	289.446	351.621	2060.18
2	292.568	349.442	2052.96
2	299.183	341.731	2053.81
2	303.173	338.836	2055.17
2	309.648	337.031	2054.02
2	299.908	337.429	2052.16
2	307.555	346.864	2055.77
2	306.098	344.439	2055.55
2	304.839	345.476	2059.76
2	309.907	338.31	2057.64
2	293.019	336.057	2054.76
2	292.648	335.266	2053.17
2	289.245	334.746	2061.24
2	285.738	337.173	2060.67
2	278.42	336.775	2059.4
2	269.249	337.012	2059.87
2	270.623	332.366	2059.29
2	258.854	286.956	2049
2	264.526	324.85	2061.68
2	265.308	328.453	2057.84
2	265.279	332.728	2062.68
2	260.364	337.206	2061.78
2	262.087	342.845	2065.85
2	259.432	325.795	2062.05
2	261.09	315.522	2062.56
2	263.346	311.246	2060.62
2	272.612	336.855	2060.93
2	276.39	339.816	2059.82
2	277.861	337.924	2060.87
2	276.571	341.744	2061.9
2	276.601	339.583	2059.05
2	275.348	342.482	2062.8
2	277.068	344.487	2063.15
2	278.018	345.97	2061.47
2	276.79	339.6	2057.22
2	273.074	335.429	2056.77
2	276.569	335.436	2057.39
2	276.366	334.773	2054.98
2	277.012	337.088	2057.08
2	276.514	340.622	2059.46
2	275.833	339.218	2058.49
2	277.295	340.242	2057.87
2	276.377	344.48	2058.27
2	273.216	338.121	2055.81
2	276.366	337.929	2056.18
2	275.483	341.256	2054.46
2	275.253	340.899	2058.53
2	273.546	339.629	2056.4
2	277.953	341.398	2056.73
2	275.876	344.778	2059.79
2	276.214	343.93	2061.14
2	279.265	340.862	2056.96
2	278.478	343.514	2059.76
2	272.966	345.05	2060.76
2	276.296	340.696	2057.21
2	275.455	338.554	2057.3
2	274.51	337.407	2061.2
2	277.46	339.134	2058.61
2	275.225	339.69	2058.99
2	276.401	335.299	2060.96
2	277.339	338.795	2060.39
2	277.883	341.251	2061.52
2	274.993	341.93	2062.56
2	275.837	339.167	2060.82
2	272.634	335.632	2061.59
2	276.81	342.893	2063.84
2	279.324	340.057	2061.21
2	277.487	339.171	2061.88
2	276.04	337.875	2057.97
2	273.695	337.105	2060.35
2	275.97	335.5	2061.08
2	276.616	337.282	2060.8
2	275.547	342.195	2061.91
2	278.419	341.119	2062.12
2	278.675	344.432	2062.94
2	278.881	345.417	2063.23
2	277.706	346.361	2062.65
2	277.977	340.872	2063.19
2	279.003	340.362	2062.05
2	277.558	337.952	2061.51
2	277.859	338.917	2062.83
2	276.969	344.361	2061.15
2	277.28	344.38	2064.15
2	275.127	345.786	2063.89
2	274.209	344.107	2064.86
2	273.502	339.601	2066.2
2	277.826	340.234	2063.35
2	278.015	339.326	2062.95
2	276.537	338.238	2064.31
2	277.493	339.392	2061.62
2	272.243	338.158	2065.31
2	275.689	340.144	2067.33
2	273.924	337.055	2069.23
2	276.672	337.792	2065.7
2	281.661	343.561	2071.45
2	284.679	339.282	2066.93
2	280.116	338.945	2065.58
2	285.269	332.805	2063.32
2	285.212	336.092	2064.06
2	287.207	334.257	2066.35
2	288.718	336.87	2067.09
2	290.193	334.788	2064.21
2	294.459	339.347	2068.98
2	290.148	344.312	2068.33
2	300.742	338.626	2063.27
2	308.835	335.544	2067.22
2	298.107	333.989	2066.97
2	304.125	338.821	2065.81
2	307.307	341.402	2068.87
2	295.079	328.264	2061.45
2	303.079	330.03	2060.66
2	302.09	335.154	2062.31
2	287.889	333.987	2059.33
2	288.507	336.523	2062.45
2	286.954	332.712	2063.24
2	282.935	332.871	2060.75
2	284.836	336.29	2061.7
2	283.67	337.779	2063.44
2	283.286	339.325	2062.77
2	283.963	344.454	2068.37
2	281.923	343.168	2064.97
2	285.485	337.872	2060.87
2	283.069	337.585	2063.92
2	284.922	334.531	2059.72
2	287.626	336.367	2060.48
2	287.696	338.285	2058.89
2	284.263	336.261	2061.84
2	278.363	338.761	2060.78
2	277.905	341.647	2059.01
2	281.247	338.029	2060.96
2	282.924	338.115	2057.66
2	287.993	337.941	2057.5
2	283.364	334.003	2058.42
2	285.126	335.746	2059.51
2	285.478	336.286	2057.41
2	287.389	336.907	2060.53
2	285.93	335.918	2059.74
2	289.422	337.631	2060.45
2	280.503	343.497	2060.81
2	285.631	340.956	2064.07
2	287.005	338.214	2060.79
2	289.73	335.446	2060.28
2	288.267	332.385	2058.94
2	289.627	334.411	2058.8
2	283.443	338.6	2060.28
2	289.406	338.279	2057.14
2	286.091	343.872	2062.54
2	288.756	338.256	2060.65
2	289.844	335.309	2057.84
2	289.048	335.421	2057.1
2	280.445	338.146	2056.51
2	287.238	337.366	2058.57
2	293.524	341.098	2062.11
2	286.214	343.474	2060.93
2	289.892	338.948	2058.79
2	287.501	336.61	2058.16
2	279.577	339.224	2059.5
2	284.239	334.257	2058.37
2	286.756	335.314	2057
2	282.159	336.759	2060.25
2	282.869	338.641	2059.51
2	281.917	337.74	2059.36
2	278.108	341.714	2058.36
2	410.009	294.66	2036.22
2	409.938	296.253	2036.7
2	412.931	297.587	2040.93
2	412.215	300.02	2043.92
2	412.819	302.613	2049.68
2	414.189	281.795	2051.23
2	415.732	275.69	2057.17
2	417.312	273.698	2063.2
2	411.045	280.641	2075.98
2	428.736	298.54	2088.88
2	422.857	306.125	2098.22
2	415.125	293.718	2099.58
2	415.668	300.575	2108.27
2	399.813	306.744	2118.29
2	384.26	295.309	2118.61
2	379.598	299.219	2122.7
2	365.761	302.421	2130.3
2	357.734	315.747	2131.22
2	342.834	309.724	2130.62
2	332.026	303.258	2140.75
2	339.25	302.898	2135.91
2	325.684	309.52	2148.19
2	321.88	307.949	2149.16
2	325.075	309.088	2149.75
2	332.012	304.907	2154.95
2	332.14	312.269	2166.69
2	328.742	293.237	2163.96
2	342.106	300.484	2167.68
2	351.396	298.865	2170.26
2	352.565	314.224	2165.44
2	370.029	307.983	2168.25
2	382.008	295.298	2170.48
2	390.586	292.835	2157.86
2	392.009	295.98	2158.2
2	378.12	257.925	2147.27
2	373.778	262.245	2145.57
2	373.365	260.273	2140.16
2	384.449	292.63	2148.88
2	388.899	300.294	2137.46
2	386.767	301.967	2137.83
2	388.695	304.955	2122.88
2	378.583	291.745	2123.46
2	370.396	293.64	2125.95
2	377.012	306.709	2120.27
2	364.422	310.72	2126.07
2	368.047	313.575	2124.98
2	363.421	315.087	2127.01
2	363.657	317.482	2122.73
2	357.162	322.43	2120.49
2	354.691	325.418	2118.12
2	351.773	323.357	2117.28
2	350.119	324.101	2115.21
2	353.162	326.763	2118.4
2	357.186	324.915	2115.74
2	361.851	324.632	2115.5
2	363.738	319.475	2116.56
2	365.949	318.315	2110.21
2	365.342	319.725	2111.32
2	365.116	322.083	2112.32
2	364.362	320.635	2111.25
2	365.948	322.979	2105.63
2	368.368	321.831	2102.69
2	367.832	318.625	2107.37
2	361.983	315.989	2107.32
2	363.449	325.178	2112.47
2	361.805	326.553	2114.81
2	362.155	326.256	2111.85
2	353.848	325.137	2117.55
2	351.511	326.729	2115.17
2	341.012	323.154	2115.34
2	352.057	330.841	2119.74
2	350.602	323.705	2117.51
2	349.93	323.215	2115.57
2	341.051	321.733	2116.75
2	342.188	324.373	2118.41
2	356.205	325.552	2116.98
2	354.269	325.015	2115.55
2	348.595	322.47	2116.45
2	352.327	326.17	2118.02
2	347.622	329.496	2116.8
2	348.116	331.656	2122.74
2	355.029	330.905	2117.99
2	353.568	335.357	2120.74
2	336.458	295.178	2114.77
2	353.966	332.738	2124.07
2	355.431	333.173	2123.97
2	362.03	324.578	2113.48
2	354.188	323.576	2121.74
2	347.247	302.766	2113.37
2	349.638	311.635	2121.01
2	346.706	316.942	2122.55
2	340.509	324.231	2129.4
2	331.266	309.261	2125.14
2	330.864	310.911	2124.71
2	345.104	315.142	2127.16
2	330.567	309.633	2123.46
2	329.971	307.827	2121.13
2	333.769	307.013	2124.76
2	344.683	311.215	2123.94
2	349.234	313.793	2121.89
2	349.523	315.121	2124.11
2	352.983	313.959	2124.82
2	354.747	315.757	2125.83
2	360.201	323.787	2124.41
2	358.18	320.02	2122.23
2	354.376	324.165	2127.35
2	355.306	319.846	2127.57
2	359.201	317.127	2125.59
2	358.109	317.686	2127.18
2	359.819	321.724	2128.97
2	360.598	321.647	2124.89
2	357.837	321.543	2128.75
2	357.324	320.401	2128.05
2	358.026	318.095	2122.81
2	360.124	319.357	2127.41
2	358.919	319.621	2125.09
2	357.818	320.688	2127.09
2	357.981	323.884	2126.34
2	341.333	297.137	2118.01
2	342.285	289.693	2117.52
2	339.949	299.707	2125.17
2	339.421	309.425	2126.88
2	332.583	304.336	2125.57
2	331.969	302.393	2123.03
2	335.577	302.556	2122.83
2	333.355	303.385	2120.26
2	333.864	298.406	2115.77
2	333.901	289.326	2111.68
2	347.381	316.865	2117.08
2	339.947	315.079	2117.09
2	343.099	285.32	2114.88
2	350.166	302.93	2117.71
2	350.861	319.736	2116.51
2	331.157	316.421	2125.21
2	332.771	302.921	2116.45
2	334.067	296.227	2115.74
2	335.164	295.792	2115.14
2	337.725	299.28	2119.36
2	332.733	304.074	2119.32
2	332.703	308.274	2120.91
2	332.726	292.265	2112.23
2	332.649	294.022	2111.49
2	345.508	316.486	2116.25
2	332.049	310.983	2119.43
2	332.418	309.035	2119
2	331.19	311.404	2119.05
2	332.302	294.297	2112.3
2	332.621	294.05	2110.66
2	330.096	292.165	2111.52
2	352.896	316.499	2115.4
2	351.794	319.543	2113.79
2	356.693	323.663	2118.02
2	337.037	288.75	2109.61
2	352.544	302.638	2113.31
2	351.416	312.404	2118.51
2	344.106	295.533	2111.73
2	346.79	304.505	2113.71
2	354.651	314.026	2116.9
2	357.134	322.22	2120.09
2	359.058	319.03	2119.58
2	360.069	320.905	2119.86
2	358.623	321.735	2120.85
2	359.004	322.158	2117.25
2	352.193	324.909	2118.37
2	352.194	325.987	2121.47
2	351.688	326.303	2123.05
2	352.127	329.421	2121.29
2	350.882	329.57	2122.24
2	350.866	326.094	2124.53
2	351.3	323.377	2123.63
2	349.38	325.622	2117.53
2	353.079	327.568	2123.21
2	353.308	323.846	2114.97
2	353.228	318.245	2119.17
2	356.777	319.674	2114.4
2	358.421	316.558	2113.18
2	355.036	321.699	2112.3
2	339.135	305.047	2112.03
2	344.101	327.408	2117.72
2	332.351	309.497	2120.2
2	328.197	308.041	2114.34
2	333.542	303.024	2112.84
2	329.938	308.292	2117.99
2	335.771	314.869	2116.06
2	331.231	308.435	2114.4
2	326.241	308.759	2115.86
2	326.28	306.594	2118.01
2	329.406	306.904	2114.66
2	330.213	307.882	2113.58
2	332.447	310.804	2118.23
2	334.1	306.148	2112.17
2	331.195	305.802	2115.72
2	328.506	303.107	2114.26
2	330.704	305.663	2115.31
2	336.275	305.655	2115.97
2	334.627	302.487	2115.12
2	336.628	303.943	2111.63
2	338.291	299.301	2109.24
2	347.901	316.647	2112.91
2	352.586	314.217	2112.1
2	354.423	315.654	2112.23
2	354.647	321.266	2115.95
2	342.739	289.206	2109.16
2	334.959	304.308	2118.07
2	330.904	305.898	2118.06
2	330.419	304.318	2117.05
2	327.675	307.567	2119.65
2	325.964	308.551	2117.71
2	332.118	313.234	2114.62
2	327.537	306.894	2115.82
2	325.115	304.098	2111.13
2	336.666	314.873	2115.79
2	326.358	309.348	2113.99
2	333.692	307.689	2114.54
2	329.482	307.15	2115.18
2	335.963	312.118	2117.6
2	329.534	306.822	2112.08
2	327.476	304.526	2111.8
2	328.661	308.457	2112.79
2	329.744	305.345	2109.04
2	327.721	306.248	2112.82
2	328.943	305.373	2117.76
2	328.774	309.024	2114.6
2	329.036	306.05	2116.65
2	330.404	298.486	2110.18
2	326.21	307.834	2112.99
2	331.637	292.281	2112.24
2	345.204	332.08	2118.8
2	348.038	320.381	2115.26
2	355.349	315.236	2108.7
2	355.917	319.433	2114.25
2	357.985	320.411	2116.45
2	354.044	324.996	2117.23
2	351.193	323.413	2114.64
2	351.587	328.897	2114.2
2	350.095	325.715	2122.03
2	351.269	326.135	2112.8
2	351.275	324.432	2120.24
2	356.179	318.546	2116.02
2	355.558	317.234	2116.38
2	354.166	322.087	2115.11
2	354.333	315.642	2111.02
2	343.168	326.324	2122.56
2	328.643	314.108	2119.58
2	343.987	327.897	2121.41
2	345.564	331.854	2119.39
2	334.134	325.373	2119.71
2	329.37	290.326	2114.21
2	324.472	300.034	2114.91
2	335.516	321.289	2120.57
2	335.232	320.146	2120.99
2	332.42	317.62	2121.43
2	333.544	315.3	2122.51
2	345.368	334.649	2127.22
2	348.267	333.111	2124.46
2	345.002	338.612	2119.29
2	351.344	337.451	2119.85
2	348.195	336.637	2121.93
2	350.252	334.748	2123.73
2	343.542	334.947	2119.42
2	343.582	334.795	2124.01
2	344.418	332.349	2126.99
2	344.593	332.496	2126.11
2	347.046	337.135	2131.02
2	348.476	325.865	2131.99
2	335.465	315.976	2126.57
2	337.104	310.227	2122.87
2	337.384	312.671	2121.61
2	346.176	307.382	2126.61
2	342.712	311.392	2125.85
2	337.092	311.617	2119.51
2	331.543	316.942	2119.31
2	335.024	319.018	2116.66
2	335.251	297.073	2112.26
2	343.807	311.701	2118.62
2	339.933	308.457	2117.43
2	329.99	305.757	2118.54
2	326.551	307.772	2117.62
2	327.844	307.28	2117.65
2	327.406	305.837	2117.07
2	328.201	307.094	2114.94
2	330.337	293.672	2110.1
2	344.29	316.158	2113.75
2	351.548	323.041	2111.82
2	357.458	324.293	2113.45
2	361.492	325.548	2113.44
2	362.253	324.627	2115.01
2	361.777	325.794	2116.3
2	356.93	329.533	2116.09
2	362.771	326.671	2116.05
2	350.968	323.36	2113.83
2	343.534	316.051	2110.31
2	331.435	305.63	2116.45
2	345.104	329.736	2122.04
2	343.962	317.416	2120.27
2	336.524	309.294	2117.05
2	338.039	316.323	2121.53
2	345.293	331.127	2117.77
2	343.288	335.224	2116.78
2	344.095	336.515	2119.14
