GRT_LABELLED_CLASSIFICATION_DATA_FILE_V1.0
DatasetName: NOT_SET
InfoText: 
NumDimensions: 6
TotalNumExamples: 1200
NumberOfClasses: 2
ClassIDsAndCounters: 
1	600	NOT_SET
2   600 NOT_SET
UseExternalRanges: 0
Data:
1	-443.271	255.939	2058.12	356.876	179.468	2144.78
1	-450.148	258.913	2070.18	353.12	178.796	2147.04
1	-446.111	259.063	2065.86	356.312	178.362	2143.88
1	-448.153	259.33	2062.54	352.512	179.881	2147.46
1	-448.661	261.149	2067.77	355.44	180.953	2145.03
1	-446.437	262.143	2067.56	356.971	182.773	2145.24
1	-451.693	259.486	2065.06	353.973	184.755	2146.19
1	-446.387	259.891	2069.58	352.721	184.296	2148.14
1	-446.008	260.322	2066.09	355.408	180.271	2146.98
1	-448.427	266.807	2071.87	354.25	181.217	2141.72
1	-452.894	259.627	2067.63	355.698	178.363	2146.4
1	-444.598	258.321	2067.51	359.019	181.764	2144.73
1	-449.885	260.66	2068.13	353.03	178.86	2142.33
1	-447.231	262.026	2068.3	352.96	180.58	2138.79
1	-450.749	261.401	2069.21	355.203	180.447	2146.5
1	-451.069	256.408	2068.36	354.161	181.081	2148.84
1	-455.157	231.93	2050.62	354.211	182.658	2143.56
1	-447.981	252.689	2060.12	358.516	182.069	2143.62
1	-448.901	257.406	2066.6	354.24	182.083	2140.92
1	-452.382	255.795	2063.78	356.529	181.706	2147.98
1	-449.256	258.037	2066.45	355.921	177.595	2141.01
1	-447.286	257.929	2068.09	356.146	183.446	2147.28
1	-444.587	257.396	2066.33	355.488	185.927	2147.35
1	-449.812	257.596	2065.32	351.193	189.985	2149.2
1	-445.971	261.191	2066.34	354.517	185.123	2144.21
1	-446.158	263.805	2068.54	354.756	186.151	2142.55
1	-445.068	266.639	2076.6	352.309	190.988	2147.09
1	-444.693	259.116	2063.89	356.371	194.233	2156.14
1	-445.949	257.743	2067.27	354.397	188.038	2145.91
1	-447.439	257.014	2063.85	348.849	192.835	2149.75
1	-448.313	259.755	2067.34	350.883	201.261	2154.46
1	-448.628	253.208	2061.13	356.716	199.356	2152.45
1	-446.637	252.61	2062.51	352.761	195.083	2149.95
1	-449.045	251.62	2060.32	354.112	198.604	2155.78
1	-450.383	250.284	2062.81	353.428	199.418	2157.81
1	-450.283	252.183	2060.88	350.27	200.782	2157.89
1	-447.597	251.982	2059.33	356.459	196.221	2151.88
1	-445.364	256.331	2066.15	352.432	196.343	2154.22
1	-450.126	252.287	2062.18	354.415	197.945	2153.94
1	-451.178	251.579	2063.22	354.528	197.19	2150.4
1	-452.558	252.293	2064.47	352.119	197.692	2151.84
1	-446.405	257.066	2058.88	349.951	195.354	2150.22
1	-449.162	255.403	2064.07	354.461	193.3	2146.52
1	-448.668	252.961	2060.39	352.135	195.953	2149.56
1	-448.448	249.893	2057.68	351.849	196.956	2150.2
1	-450.632	248.14	2056.05	353.539	193.918	2150.23
1	-447.612	250.288	2059.65	352.464	195.744	2150.55
1	-448.412	252.883	2061.44	355.822	191.427	2151.18
1	-449.978	254.723	2062.72	352.213	189.181	2149.63
1	-456.159	213.786	2039.8	350.111	188.935	2146.48
1	-448.124	247.327	2059.97	352.301	196.044	2149.79
1	-443.17	256.892	2059.96	347.425	200.731	2159.01
1	-448.778	257.834	2065.84	351.841	202.59	2158.86
1	-446.531	258.323	2063.36	358.424	199.794	2157.76
1	-450.742	253.271	2061.08	356.421	196.061	2155.51
1	-449.499	251.592	2060.53	355.399	192.937	2156.83
1	-446.396	248.695	2056.99	362.267	188.515	2150.5
1	-447.939	248.479	2053.65	356.154	201.115	2159.1
1	-446.161	249.764	2056.71	348.763	201.813	2163.6
1	-446.644	248.966	2059.17	354.915	199.532	2158.17
1	-457.44	219.99	2043.77	344.897	204.127	2162.66
1	-447.256	249.744	2060.14	354.801	199.773	2161.54
1	-446.105	252.148	2057.03	350.315	193.798	2155.73
1	-443.342	253.818	2063.36	353.762	194.396	2155.96
1	-453.636	222.19	2043.65	352.299	198.415	2158.41
1	-446.742	250.128	2060.56	355.163	199.605	2165.4
1	-447.867	249.324	2056.56	361.669	193.306	2152.16
1	-452.412	249.061	2059.83	360.285	194.451	2155.19
1	-448.679	249.6	2058.92	357.346	194.793	2151.02
1	-448.347	250.496	2061.07	364.671	195.022	2150.67
1	-448.102	250.874	2062.34	365.062	196.275	2154.98
1	-450.704	247.094	2060.22	365.119	194.36	2155.91
1	-450.798	249.057	2063.2	362.252	193.982	2151.17
1	-449.024	251.952	2061.53	360.295	199.839	2158.85
1	-448.755	253.76	2062.66	361.61	198.27	2147.84
1	-448.286	252.423	2062.22	362.006	195.815	2147.64
1	-449.268	250.46	2060.25	365.228	193.028	2150.86
1	-449.502	249.509	2063.32	362.867	196.876	2153.8
1	-451.346	248.406	2063.13	360.619	202.387	2155.16
1	-449.331	250.079	2058.15	361.62	200.151	2153.77
1	-457.461	200.349	2034.51	364.95	199.457	2147.32
1	-449.437	247.916	2058.9	360.537	200.052	2150.2
1	-449.064	253.22	2060.25	360.281	203.437	2152.49
1	-447.939	256.465	2062.22	360.913	201.913	2153.79
1	-447.679	254.881	2063.72	362.256	206.21	2153.6
1	-448.224	255.07	2061.49	364.387	199.415	2146.58
1	-447.097	251.277	2060.03	365.051	198.489	2150.78
1	-450.233	251.116	2059.68	368.527	199.817	2154.41
1	-447.54	254.774	2063.07	366.986	204.14	2154.74
1	-455.321	217.329	2041.88	365.564	206.171	2157.16
1	-451.715	235.172	2048.21	363.671	208.968	2160.29
1	-449.384	251.477	2059.35	362.008	200.482	2152.47
1	-448.704	254.963	2060.47	362.635	204.496	2159.34
1	-451.316	228.966	2047.59	361.744	199.875	2151.99
1	-453.985	249.103	2056.58	364.105	208.928	2154.81
1	-448.197	255.114	2060.79	361.837	202.326	2150.61
1	-451.62	252.976	2060.87	368.468	203.119	2155.55
1	-448.996	250.502	2058.1	363.318	212.359	2163.31
1	-452.083	251.762	2064.87	363.405	198.77	2149.97
1	-449.066	252.278	2062.29	367.514	203.696	2156.4
1	-449.647	256.631	2066.53	361.493	201.862	2154.08
1	-450.839	254.249	2064.67	368.965	203.216	2155.19
1	-448.173	255.914	2061.16	363.248	205.395	2158.18
1	-454.226	221.772	2042.18	368.814	202.896	2155.64
1	-454.598	212.353	2041.17	369.616	201.528	2153.21
1	-446.587	253.341	2066.04	358.671	204.562	2148.94
1	-445.648	262.721	2070.51	366.459	201.454	2152.43
1	-450.939	225.776	2044.94	358.748	208.155	2160.05
1	-448.179	250.813	2061.09	363.994	201.631	2156.95
1	-449.178	251.598	2061.69	362.49	200.98	2156.26
1	-449.44	254.824	2064.37	362.358	202.758	2157.68
1	-454.009	222.359	2042.63	365.086	200.135	2154.02
1	-449.432	250.984	2061.47	368.815	207.102	2167.49
1	-448.644	251.192	2063.05	359.661	203.765	2162.44
1	-448.438	249.309	2059.37	365.531	195.966	2157.79
1	-448.137	248.339	2061.76	360.675	194.825	2157.84
1	-449.518	249.97	2060.15	366.021	198.229	2156.38
1	-449.611	248.83	2061.37	360.133	201.768	2160.15
1	-453.927	218.016	2045.47	364.519	212.8	2173.92
1	-448.286	252.685	2062.62	367.683	202.483	2167.35
1	-451.357	221.451	2048.32	363.3	197.318	2160.07
1	-445.338	250.463	2063.62	363.973	200.338	2165.17
1	-449.064	257.648	2069.53	368.365	200.46	2163.7
1	-448.317	260.271	2070.53	363.153	202.241	2166.02
1	-438.521	260.069	2071.01	364.821	201.384	2162.17
1	-448.453	255.805	2066.01	363.352	199.892	2164.51
1	-447.619	256.115	2064.2	361.528	199.584	2161.96
1	-446.258	259.864	2071.76	363.013	196.355	2156.38
1	-447.078	252.031	2064.08	359.599	199.484	2164.68
1	-444.474	251.51	2064.93	364.829	201.101	2166.57
1	-449.235	249.245	2062.31	365.017	205.618	2171.5
1	-450.625	250.818	2069.56	362.58	194.089	2159.96
1	-445.793	244.606	2059.3	363.342	196.041	2160.46
1	-451.697	249.999	2063.69	366.816	194.107	2159.79
1	-451.741	253.788	2070.4	366.568	196.77	2166.8
1	-450.452	253.678	2064.45	362.109	202.222	2171.38
1	-452.07	250.589	2067.36	361.56	196.668	2165.81
1	-446.055	247.2	2059.01	361.092	205.75	2167.91
1	-446.694	243.813	2060.53	366.779	205.337	2171.6
1	-453.386	250.229	2067.76	367.486	204.174	2172.12
1	-453.574	250.778	2065.44	363.696	199.182	2168.46
1	-447.087	253.357	2067.24	362.964	199.018	2167.6
1	-450.787	257.185	2072.58	364.516	193.667	2161.93
1	-451.386	258.719	2075.21	359.755	188.989	2163.41
1	-445.337	256.461	2069.13	361.089	189.129	2162.71
1	-457.106	242.224	2059.97	358.689	192.884	2162.88
1	-443.11	225.358	2048.29	361.754	199.51	2167.95
1	-451.707	230.16	2055.27	355.376	201.17	2160.77
1	-456.61	227.234	2053.92	359.419	196.138	2161.13
1	-452.398	232.938	2051.84	362.669	207.66	2163.67
1	-451.041	233.294	2058.43	356.693	171.503	2138.52
1	-456.18	231.465	2064.05	347.715	178.669	2141.54
1	-457.098	236.185	2066.28	354.295	172.704	2137.97
1	-458.853	232.69	2064.59	351.117	177.955	2139.71
1	-452.072	237.862	2063.34	356.013	174.33	2139.57
1	-459.574	237.63	2068.33	355.235	177.737	2137.41
1	-461.835	237.851	2072.39	354.274	171.946	2134.89
1	-450.555	244.129	2071.19	357.091	168.526	2139.69
1	-457.271	243.458	2069.58	353.765	176.789	2142.37
1	-451.832	243.835	2066.57	354.073	179.414	2139.69
1	-456.211	230.682	2061.24	353.468	177.984	2137.07
1	-460.049	224.726	2060.03	353.62	175.958	2140.27
1	-456.86	224.589	2056.62	359.954	176.116	2140.49
1	-455.3	234.555	2065.1	353.451	178.835	2136.57
1	-455.972	230.986	2065.1	355.643	179.515	2144.09
1	-452.704	230.943	2061.13	352.737	176.337	2140.17
1	-457.584	233.661	2063.6	355.21	174.661	2140.29
1	-457.457	226.65	2060.92	354.022	172.913	2138.1
1	-452.464	226.333	2056.85	353.441	181.101	2142.7
1	-457.343	226.941	2061.08	348.813	178.416	2139.95
1	-461.283	227.158	2062.6	351.826	175.895	2140.94
1	-455.972	243.19	2068.99	355.65	170.418	2133.83
1	-456.49	242.086	2065.97	354.464	177.897	2143.5
1	-462.65	228.54	2063.86	357.77	182.791	2145.56
1	-456.11	231.177	2061.97	352.35	180.864	2144.59
1	-458.668	231.053	2062.86	351.898	176.176	2141.67
1	-458.138	228.864	2061.82	351.297	170.177	2135.46
1	-458.425	231.149	2060.94	352.083	167.477	2134.15
1	-458.323	234.558	2063.72	353.373	164.102	2134.79
1	-451.395	237.868	2065.43	352.531	164.624	2130.72
1	-452.643	238.727	2062.3	351.409	168.63	2133.8
1	-453.988	241.063	2067.61	344.877	171.891	2140.51
1	-452.569	231.308	2059.02	348.329	172.894	2135.32
1	-458.264	228.778	2058.92	345.689	180.632	2145.23
1	-453.363	235.21	2062.99	345.58	182.658	2147.43
1	-453.042	237.698	2063.8	349.289	175.244	2141.69
1	-454.454	232.724	2059.79	348.626	167.641	2138.16
1	-456.806	232.55	2062.22	347.583	173.591	2142.26
1	-458.69	226.793	2059.35	353.644	177.748	2139.28
1	-460.245	224.869	2059.85	351.729	177.09	2138.07
1	-459.479	228.472	2060.43	353.723	174.427	2136.93
1	-454.759	233.767	2063.95	353.049	172.699	2137.3
1	-452.888	234.841	2060.47	350.345	174.936	2141.85
1	-460.053	227.064	2057.37	352.814	175.227	2137.26
1	-462.266	220.021	2053.38	350.272	168.418	2130.25
1	-452.94	221.059	2052.95	345.425	173.159	2135.11
1	-458.712	220.637	2055.23	347.086	175.094	2135.56
1	-452.759	218.996	2049.15	352.588	173.149	2134.81
1	-457.283	226.622	2055.59	349.568	173.021	2133.09
1	-450.346	232.959	2054.99	345.981	172.206	2135.75
1	-452.748	238.176	2062.47	351.067	173.795	2133.67
1	-456.985	230.275	2059.3	350.308	171.688	2132.86
1	-457.584	227.747	2058.27	347.007	177.393	2137.56
1	-456.363	230.598	2055.61	348.152	169.589	2129.98
1	-459.254	230.047	2053.4	350.504	176.403	2135.51
1	-459.825	225.392	2052.03	348.48	178.493	2140.28
1	-458.891	227.035	2051.61	349.667	169.342	2128.66
1	-458.184	220.477	2051.11	350.461	174.994	2136.6
1	-455.246	218.21	2047.35	351.062	178.338	2135.85
1	-449.365	221.529	2043.62	356.31	175.262	2133.52
1	-457.074	223.726	2052.11	353.876	179.679	2135.73
1	-453.461	222.805	2047.92	350.159	181.446	2132.12
1	-445.969	233.236	2052.49	356.802	173.298	2129.8
1	-454.986	223.429	2050.57	349.124	176.679	2132.41
1	-457.28	232.39	2057.94	350.479	176.493	2130.92
1	-452.375	227.692	2052.51	352.302	175.496	2132.31
1	-450.747	233.055	2053.88	353.818	173.293	2129.65
1	-451.918	235.222	2059.59	346.855	180.804	2133.24
1	-455.713	235.029	2058.68	353.464	186.55	2140.2
1	-454.417	235.453	2061.13	350.235	183.031	2138.12
1	-451.903	233.891	2057.15	355.763	177.762	2136.82
1	-452.812	233.817	2057.54	348.954	178.157	2136.88
1	-456.193	230.376	2056.45	349.331	178.986	2136.33
1	-453.779	224.867	2053.83	350.178	187.925	2145.29
1	-457.772	224.509	2055.01	349.879	176.278	2135.94
1	-455.412	228.605	2054.3	353.773	180.971	2140.02
1	-456.846	226.625	2055.2	349.792	187.776	2143.89
1	-454.024	235.164	2058.73	350.252	179.166	2134.54
1	-456.355	229.417	2058.14	350.932	179.193	2135.73
1	-455.656	232.925	2058.8	352.192	182.26	2144.23
1	-457.162	234.697	2061.21	360.181	187.768	2153.82
1	-454.29	240.479	2064.32	352.791	188.837	2141.11
1	-454.729	238.965	2062.67	348.191	191.331	2147.99
1	-457.937	240.413	2068.25	350.689	190.916	2145.94
1	-457.771	238.277	2065.8	353.817	183.829	2144.49
1	-458.729	237.732	2068.37	353.386	180.865	2144.47
1	-457.649	239.658	2069.51	345.787	183.806	2145.63
1	-456.399	240.293	2072.22	353.361	184.998	2147.49
1	-456.838	239.707	2070.78	352.319	191.098	2149.75
1	-456.624	238.964	2071.44	350.478	193.642	2153.97
1	-454.125	241.71	2069.71	352.536	193.63	2153.57
1	-456.536	239.561	2071.09	349.868	176.287	2137.82
1	-456.439	238.932	2067.71	350.76	177.132	2143.62
1	-458.055	233.687	2068.04	348.817	180.951	2141.23
1	-457.793	231.461	2068.77	350.446	181.892	2146.24
1	-461.856	229.244	2066.05	354.333	179.228	2145.29
1	-456.692	236.492	2066.87	354.103	177.31	2141.68
1	-454.89	237.115	2065.55	353.381	178.546	2140.22
1	-457.608	238.278	2069.96	353.285	176.2	2142.8
1	-454.507	241.361	2068.59	350.106	187.415	2142.91
1	-454.783	243.071	2068.85	349.807	182.873	2140.5
1	-454.355	239.473	2067.77	347.76	181.547	2142.29
1	-460.666	229.779	2064.49	350.474	184.849	2143.18
1	-457.034	237.345	2063	350.921	180.458	2142.33
1	-456.137	239.242	2065.34	354.102	181.911	2145.47
1	-456.387	239.697	2066.31	351.437	180.338	2145.48
1	-457.478	237.881	2066.24	352.977	182.176	2144.73
1	-458.328	233.494	2062.67	349.462	179.407	2140.06
1	-455.871	235.152	2061.23	349.182	187.447	2148.8
1	-458.409	235.492	2064.19	346.335	185.929	2141.78
1	-458.153	235.821	2059.67	351.385	179.241	2143.03
1	-460.16	234.162	2061.57	349.838	174.981	2136.39
1	-453.818	232.602	2057.59	350.192	181.054	2142.7
1	-458.833	230.654	2063.32	350.832	178.066	2140.35
1	-460.402	233.983	2061.54	350.386	182.559	2144.49
1	-453.636	232.41	2058.88	352.371	183.797	2139.89
1	-458.406	229.223	2058.49	353.746	183.441	2140.22
1	-457.338	229.511	2054.85	346.879	193.388	2145.44
1	-461.659	225.392	2055.73	352.038	184.265	2140.5
1	-458.84	226.154	2052.03	358.445	176.657	2135.18
1	-455.31	227.907	2056.3	350.669	189.927	2145.76
1	-458.504	232.499	2059.99	346.427	186.33	2137.08
1	-458.109	229.18	2056.81	346.195	179.001	2132.05
1	-456.935	232.002	2052.83	350.408	175.439	2131.48
1	-456.211	234.037	2056.54	353.271	174.097	2132.64
1	-455.898	235.113	2059.53	348.293	179.956	2132.47
1	-453.735	232.498	2055.46	353.313	172.566	2133.07
1	-454.219	230.721	2052.9	356.052	167.889	2130.47
1	-456.493	233.731	2057.2	347.925	183.05	2137.36
1	-458.349	226.405	2055.11	350.375	171.121	2128.64
1	-452.96	225.569	2051.13	351.166	175.184	2130.38
1	-454.175	229.846	2055.63	348.665	175.087	2130.2
1	-453.927	230.29	2056.16	350.917	176.69	2131.74
1	-450.27	226.646	2051.63	350.244	174.021	2131.89
1	-457.58	229.958	2055.52	353.216	174.27	2132.67
1	-449.741	230.159	2054.03	349.719	177.085	2131.38
1	-450.634	234.716	2058.19	352.954	176.156	2134.18
1	-455.101	228.353	2053.24	354.96	173.434	2133.43
1	-456.375	222.903	2049.84	352.063	172.035	2127.7
1	-455.405	226.496	2055.96	352.647	175.226	2134.93
1	-458.088	232.614	2059.37	353.43	170.427	2127.92
1	-461.848	230.578	2058.59	351.637	170.361	2126.28
1	-452.954	236.143	2062.15	349.588	173.832	2129.43
1	-454.579	237.11	2061.29	348.651	181.107	2138.76
1	-458.278	238.302	2063.41	352.927	174.178	2133.8
1	-458.115	232.723	2060.78	345.588	181.649	2134.48
1	-458.432	234.605	2063.34	359.413	173.202	2128.04
1	-462.318	235.655	2068.9	349.73	176.837	2130.46
1	-458.659	230.858	2061.63	356.776	180.891	2140.08
1	-458.509	230.059	2059.44	349.662	178.468	2129.92
1	-485.758	152.68	2189.58	403.448	103.517	2252.62
1	-487.361	153.755	2192.9	403.756	107.576	2255.28
1	-486.075	155.388	2187.69	405.354	102.125	2248.97
1	-486.113	151.146	2189.73	404.829	105.958	2253.89
1	-490.308	151.906	2188.83	407.363	107.075	2252.88
1	-488.438	156.646	2188.73	402.712	103.993	2251.61
1	-489.853	147.095	2183.94	404.847	101.593	2254.32
1	-487.233	142.115	2185.39	405.947	103.399	2249.67
1	-486.236	138.681	2184.18	407.853	103.201	2244.77
1	-484.137	136.652	2186.28	409.574	114.321	2254.41
1	-484.43	138.993	2185.16	410.571	105.816	2251.35
1	-482.438	143.688	2186.08	408.203	105.514	2250.37
1	-478.925	141.963	2183.02	411.062	117.924	2258.34
1	-481.79	142.696	2187.72	404.707	140.315	2258.97
1	-481.027	142.529	2191.6	413.205	115.43	2250.19
1	-479.923	141.72	2189.41	410.82	116.404	2256.15
1	-481.829	141.347	2189.92	406.439	122.605	2257.02
1	-482.166	142.257	2192.83	407.687	131.073	2263.33
1	-481.997	137.813	2193.54	405.34	128.174	2258.28
1	-482.113	140.839	2192.18	402.009	124.583	2262.7
1	-480.854	141.672	2189.23	405.452	138.022	2269.62
1	-484.947	142.926	2191.27	403.824	129.78	2259.6
1	-480.128	147.484	2193.05	403.541	132.124	2263.66
1	-483.402	132.997	2185.75	404.836	129.323	2263.01
1	-479.446	135.904	2184.41	404.948	129.093	2260.91
1	-483.743	134.231	2189.87	402.016	129.832	2259.4
1	-476.212	141.186	2190.07	403.284	131.25	2260.23
1	-478.651	122.022	2183.22	403.257	133.013	2263.98
1	-482.293	122.712	2182.16	406.3	126.765	2255.67
1	-480.388	127.913	2182.51	405.967	126.408	2257.32
1	-476.814	131.076	2189.02	404.279	129.24	2259.81
1	-482.297	130.743	2185.38	402.778	124.888	2258.21
1	-479.36	130.894	2180.36	407.966	127.347	2257.63
1	-479.15	124.243	2179.64	400.315	127.008	2258.49
1	-479.572	130.059	2188.98	403.435	133.605	2256.15
1	-480.303	130.405	2183.39	404.211	131.537	2259.91
1	-479.75	133.858	2184.05	400.379	125.963	2256.01
1	-482.074	117.945	2177.03	401.886	121.645	2257.17
1	-484.02	130.199	2185.19	401.443	122.653	2255.72
1	-478.963	127.276	2184.42	408.963	119.663	2262.02
1	-478.698	128.091	2183.72	404.8	116.037	2259.55
1	-480.325	130.075	2185.45	406.549	106.864	2255.92
1	-479.409	131.338	2187.03	403.567	104.538	2252.07
1	-476.219	126.886	2178.8	409.205	105.998	2258.14
1	-474.926	126.994	2179.14	406.432	108.716	2256.39
1	-482.11	127.488	2180.86	404.289	107.543	2252.28
1	-487.526	129.83	2180.72	403.24	113.148	2259.8
1	-483.168	125.759	2185.51	404.137	111.846	2261.59
1	-477.777	135.315	2187.62	406.279	110.303	2264.6
1	-482.457	129.99	2185.65	405.917	104.846	2254.35
1	-483.451	127.621	2187.08	406.482	108.76	2261.59
1	-486.603	126.377	2187.49	406.817	114.419	2266.7
1	-480.609	131.584	2187.06	405.193	105.54	2256.98
1	-482.421	132.558	2190.21	401.639	105.041	2259.16
1	-480.11	131.933	2190.11	406.612	104.44	2252.91
1	-484.405	124.206	2183.77	408.26	110.082	2260.9
1	-482.597	126.414	2189.47	407.991	115.341	2262.66
1	-481.087	128.507	2192.39	406.928	113.285	2262.4
1	-478.883	123.11	2189.51	408.553	110.244	2260.76
1	-478.197	122.592	2188.97	406.664	109.178	2259.69
1	-480.559	112.948	2180.58	408.598	104.039	2261.27
1	-474.166	111.192	2177.57	407.737	100.773	2258.98
1	-481.179	120.058	2178.92	409.886	111.241	2263.38
1	-476.639	128.38	2192.01	412.624	101.72	2257.14
1	-476.322	131.901	2196.35	410.269	96.4053	2254.3
1	-477.38	118.614	2188.07	410.228	97.1135	2256.22
1	-476.744	125.58	2190.61	410.461	104.646	2260.27
1	-476.329	117.979	2186.05	408.357	107.115	2260.52
1	-480.743	120.715	2186.31	411.794	103.791	2262.07
1	-477.245	120.217	2191.18	412.174	104.6	2258.09
1	-480.039	122.358	2190.37	409.374	106.177	2261.93
1	-480.004	116.887	2188.18	409.381	106.362	2258.61
1	-478.297	117.6	2181.87	410.583	103.686	2258.65
1	-479.313	119.921	2192.11	409.582	104.857	2258.78
1	-478.92	130.083	2189.83	407.831	105.845	2258.13
1	-478.498	120.034	2186.28	408.341	105.504	2261.97
1	-482.12	113.093	2180.45	410.409	107.53	2265.57
1	-486.514	111.981	2181.81	410.632	113.426	2267.78
1	-482.97	111.483	2180.75	413.192	98.7154	2254.84
1	-482.884	115.279	2179.14	412.822	109.325	2262.01
1	-484.796	123.426	2186.02	408.509	109.757	2264.57
1	-482.668	120.29	2182.79	408.953	98.5434	2256.32
1	-478.046	121.497	2183.81	412.801	103.057	2259.7
1	-477.798	113.914	2180.14	413.005	111.61	2267.47
1	-480.721	120.036	2187.15	408.507	101.926	2256.12
1	-480.521	120.611	2183.69	410.25	105.835	2263.31
1	-480.21	116.839	2182.24	408.175	109.088	2265.94
1	-477.087	132.596	2188.84	408.879	107.724	2262.96
1	-486.346	120.895	2179.98	408.923	107.474	2262.08
1	-479.901	135.727	2186.26	408.415	100.381	2257.84
1	-478.55	128.486	2188.21	410.651	106.271	2262.02
1	-482.163	126.645	2187.6	408.39	110.609	2264.54
1	-478.846	126.103	2187.58	412.58	104.687	2257.87
1	-478.783	124.501	2189.68	409.501	105.91	2262.68
1	-481.156	126.093	2184.59	409.152	105.976	2261.41
1	-484.138	125.69	2185.9	408.32	103.184	2256.78
1	-479.755	123.811	2188.28	410.502	103.912	2260.69
1	-482.217	125.945	2186.2	407.786	104.514	2256.49
1	-477.702	135.23	2190.2	407.123	110.764	2270.35
1	-476.175	136.234	2190.05	410.02	111.571	2257.51
1	-483.92	121.143	2187.36	404.175	121.118	2268.25
1	-486.472	123.209	2187.81	413.333	107.024	2256.49
1	-483.592	124.501	2187.1	410.379	108.838	2258.88
1	-477.447	127.661	2188.83	413.323	113.487	2262.05
1	-479.625	132.555	2195.67	409.513	114.322	2263.88
1	-482.928	127.388	2190.22	407.553	106.813	2255.83
1	-483.894	128.958	2191.06	413.19	115.875	2261.99
1	-479.341	131.239	2188.5	409.69	106.283	2257.24
1	-478.557	131.954	2193.27	407.847	99.0723	2253.48
1	-481.966	131.499	2199.96	410.009	105.064	2256.91
1	-484.325	132.253	2195.18	408.982	107.494	2255.12
1	-480.889	132.551	2192.8	407.757	104.726	2255.26
1	-482.561	132	2194.64	408.201	106.647	2256.52
1	-484.472	132.666	2191.98	407.383	105.243	2252.58
1	-482.683	133.049	2189.66	410.226	106.046	2254.53
1	-479.327	135.561	2188.82	406.715	98.9747	2251.44
1	-481.339	134.077	2193.33	410.667	93.5479	2246.02
1	-486.183	132.621	2188.68	412.54	107.799	2254.51
1	-480.039	130	2191.34	407.22	112.532	2255.4
1	-485.001	134.049	2195.47	410.821	115.554	2255.38
1	-480.804	133.227	2193.58	406.362	111.763	2258.94
1	-480.894	132.47	2191.57	409.805	115.57	2259.49
1	-481.031	136.346	2189.68	415.409	113.127	2254.5
1	-484	136.702	2194.47	409.619	110.59	2251.85
1	-477.16	134.395	2188.46	407.811	106.016	2248.61
1	-480.135	132.365	2189.19	406.7	107.592	2254.78
1	-485.181	135.197	2194.85	413.151	114.742	2253.52
1	-483.943	131.816	2190.41	412.803	115.3	2258.78
1	-485.713	132.262	2188.94	414.25	114.31	2253.39
1	-482.322	130.119	2190.04	411.831	113.029	2250.57
1	-486.829	130.548	2189.85	409.774	117.903	2252.5
1	-478.61	131.01	2184.51	411.727	115.665	2255.64
1	-483.983	135.01	2193.31	410.59	111.74	2243.51
1	-484.642	135.812	2185.9	410.956	108.922	2245.02
1	-487.132	131.56	2185.81	405.852	109.635	2252.87
1	-481.774	131.201	2184.48	410.062	116.917	2251.82
1	-483.076	130.93	2184.8	411.186	120.602	2255.05
1	-484.157	131.794	2187.78	404.003	118.722	2247.66
1	-481.138	133.145	2186.02	408.846	126.074	2250.79
1	-480.368	139.574	2185.99	408.759	121.431	2249.91
1	-483.149	138.599	2190.23	411.31	122.145	2246.22
1	-488.913	140.999	2187.15	404.398	122.027	2245.92
1	-489.153	139.934	2185.76	407.6	118.792	2244.68
1	-487.506	139.916	2182.59	409.529	117.405	2242.45
1	-484.453	143.251	2189.27	407.27	117.881	2247.62
1	-486.143	142.072	2186.07	405.959	114.135	2248.99
1	-489.742	143.18	2189.53	404.905	127.097	2251.48
1	-487.268	140.705	2182.66	405.322	123.139	2250.07
1	-483.721	144.768	2192.22	403.322	120.541	2249.99
1	-486.578	146.396	2184.17	404.992	123.015	2249.36
1	-473.271	164.28	2013.89	399.289	176.484	2121.69
1	-474.451	189.194	2021.14	396.202	176.454	2120.28
1	-478.149	170.697	2018.36	397.044	167.617	2114.02
1	-479.131	176.084	2020.36	396.033	165.81	2112.08
1	-475.694	185.795	2023.71	394.135	169.264	2118.37
1	-471.741	166.073	2015.59	396.968	169.528	2116.78
1	-474.729	168.415	2018.79	399.072	170.597	2116.37
1	-473.434	189.315	2026.93	395.136	168.9	2118.86
1	-472.961	188.648	2026.48	393.798	170.123	2118.5
1	-475.234	185.724	2025.64	398.353	169.427	2120.78
1	-473.517	163.454	2015.35	396.192	167.73	2113.45
1	-469.482	167.932	2014.25	395.436	164.336	2115.62
1	-473.362	185.82	2025.13	398.988	159.885	2116.04
1	-475.792	190.002	2026.89	394.491	167.506	2116.65
1	-476.401	190.191	2027.47	396.425	175.867	2118.62
1	-478.586	191.585	2029.08	396.354	170.507	2119.57
1	-477.319	187.757	2031.89	394.938	172.904	2122.76
1	-478.255	182.812	2026.24	390.813	175.292	2117.98
1	-480.325	189.014	2028.49	397.333	167.652	2114.23
1	-476.907	190.263	2030.24	397.106	167.448	2117.99
1	-476.883	190.228	2031.41	394.21	167.533	2118.81
1	-480.408	184.763	2028.76	403.088	174.16	2122.09
1	-477.595	189.268	2028.9	398.306	172.251	2119.2
1	-477.055	193.347	2033.57	394.447	182.419	2125.4
1	-474.023	181.164	2026.21	394.006	178.559	2121.52
1	-479.453	186.788	2030.05	399.875	170.776	2121.52
1	-474.372	183.874	2028.14	401.718	177.58	2120.76
1	-481.062	184.845	2033.54	395.719	179.495	2122.51
1	-482.642	190.211	2037.01	398.424	177.226	2122
1	-481.486	193.169	2031.43	399.125	172.962	2121.07
1	-484.76	190.806	2033.75	402.414	182.675	2127.17
1	-481.265	192.208	2037.35	397.043	173.328	2120.07
1	-486.429	197.958	2040.37	403.515	187.338	2128.95
1	-487.468	197.701	2041.44	401.322	173.769	2121.74
1	-484.728	197.038	2039.02	405.644	176.276	2124.56
1	-481.415	196.574	2038.96	403.377	181.037	2128.64
1	-479.165	188.42	2034.88	406.583	183.623	2124.7
1	-471.114	200.988	2039.15	401.653	173.749	2128.5
1	-486.604	206.103	2045.5	400.11	169.011	2125.3
1	-484.275	205.751	2045.19	408.958	172.114	2123.61
1	-486.943	199.929	2047.09	401.83	187.864	2128.22
1	-489.796	196.144	2045.14	402.406	175.07	2123.8
1	-479.821	196.443	2044.48	399.16	175.796	2129
1	-488.526	196.263	2045.57	399.735	176.345	2126.52
1	-480.912	190.092	2039.15	398.249	172.714	2121.31
1	-482.993	185.343	2041.47	400.295	180.696	2124.12
1	-481.197	184.363	2036.88	403.352	174.643	2125
1	-480.548	186.378	2035.94	399.929	172.395	2120.86
1	-480.358	190.817	2037.1	401.628	178.381	2127.49
1	-479.222	188.798	2036.91	402.476	181.265	2129.42
1	-482.047	189.744	2040.59	405.255	180.61	2125.98
1	-476.93	190.345	2036.32	399.844	176.888	2125.65
1	-479.335	189.086	2035.48	400.797	175.253	2126.24
1	-478.755	190.077	2034.61	403.395	175.525	2122.05
1	-471.589	195.269	2033.91	400.123	172.772	2123.94
1	-476.865	192.233	2032.49	397.753	172.964	2129.18
1	-481.876	183.07	2032.24	407.796	180.924	2130.56
1	-482.403	181.565	2035.16	400.626	179.35	2124.62
1	-476.705	182.221	2032.36	406.643	175.553	2126.58
1	-478.733	183.785	2032.02	393.248	178.439	2124.37
1	-481.262	191.868	2037	394.342	170.977	2123.97
1	-475.31	186.111	2033.08	404.016	175.855	2126.89
1	-481.432	187.361	2035.77	401.174	172.465	2121.73
1	-473.96	199.966	2039.91	400.392	168.067	2123.97
1	-478.764	189.084	2036.04	398.61	172.37	2123.02
1	-486.721	180.267	2034.64	394.51	170.705	2122.93
1	-480.776	189.967	2033.35	396.937	172.716	2125.54
1	-474.955	198.886	2037.26	396.206	167.871	2123.26
1	-482.815	194.169	2038.51	396.34	168.207	2124.39
1	-481.451	186.816	2033.19	400.484	176.095	2126.39
1	-482.56	183.533	2031.98	398.823	176.589	2126.36
1	-483.723	189.903	2036.77	402.5	173.742	2127.73
1	-480.415	190.11	2037.35	397.942	174.355	2123.77
1	-482.086	184.205	2033.04	394.855	171.471	2123.54
1	-484.813	188.384	2036.66	397.671	171.558	2121.63
1	-482.882	191.016	2035.66	401.701	174.865	2123.91
1	-479.152	190.712	2033.92	399.692	173.985	2122.95
1	-478.914	185.204	2030.99	400.921	172.15	2119.04
1	-480.334	186.136	2030.37	398.428	170.972	2121.78
1	-481.078	184.655	2028.88	403.652	174.505	2124.58
1	-477.319	180.811	2025.29	397.459	168.857	2121.93
1	-479.168	188.712	2032.24	399.522	172.526	2119.21
1	-477.681	190.263	2033.06	396.93	167.972	2117.44
1	-479.056	185.946	2031.46	396.516	169.991	2118.26
1	-479.462	186.055	2029.06	396.815	176.233	2120.04
1	-479.589	191.05	2036	394.652	174.007	2123.2
1	-480.732	191.581	2034.45	397.362	170.448	2122.69
1	-482.399	190.445	2034.18	400.42	178.968	2119.1
1	-483.614	186.143	2034.55	396.139	175.309	2122.4
1	-483.351	183.533	2031.11	398.489	167.61	2122.72
1	-485.904	192.277	2037.64	402.081	182.166	2124.07
1	-480.849	184.459	2034.97	397.809	173.49	2122.53
1	-475.019	180.252	2030.32	395.773	165.087	2116.99
1	-478.607	175.889	2028.98	400.552	168.123	2119.44
1	-476.263	178.209	2028.23	396.816	170.689	2118.63
1	-480.244	174.724	2025.26	395.137	168.484	2117.27
1	-477.559	187.158	2034.37	401.791	166.486	2117.96
1	-479.514	193.367	2039.93	404.37	169.27	2121.48
1	-481.463	193.238	2038.8	403.015	172.602	2118.14
1	-479.738	190.888	2037.46	399.9	173.367	2121.32
1	-483.971	185.288	2033.58	400.162	170.158	2124.2
1	-480.684	186.872	2035.47	398.252	166.405	2119.41
1	-478.366	189.625	2035.22	409.874	178.779	2130.45
1	-481.895	194.627	2038.73	400.185	176.71	2126.12
1	-479.862	186.031	2035.18	403.279	181.897	2124.57
1	-478.242	183.471	2035.06	396.204	173.666	2126.79
1	-479.275	183.887	2036.18	395.734	176.346	2118.56
1	-480.243	191.081	2037.03	396.79	168.182	2117.21
1	-478.484	183.533	2035.56	398.313	180.162	2126.61
1	-479.137	179.018	2033.45	397.832	174.268	2122.98
1	-480.414	177.133	2029.76	398.657	169.033	2120.49
1	-479.424	184.582	2034.88	392.467	175.159	2125.62
1	-478.383	188.214	2035.91	397.555	166.882	2117.87
1	-474.684	195.78	2033.55	397.044	170.912	2121.53
1	-476.623	188.347	2034.82	397.257	173.866	2120.1
1	-478.249	177.894	2031.89	398.091	171.841	2120.53
1	-471.755	189.951	2034.08	402.907	173.291	2124.21
1	-476.957	186.206	2040	397.295	172.909	2123.02
1	-476.525	187.87	2037.5	393.25	165.994	2118.08
1	-475.519	193.819	2037.34	397.991	166.808	2121.59
1	-478.904	194.842	2039.1	399.882	166.803	2121.27
1	-480.14	193.246	2039.36	397.995	169.559	2123.41
1	-479.88	184.53	2035.92	398.879	165.713	2123.85
1	-480.482	193.287	2041.2	401.554	166.25	2117.5
1	-480.141	183.042	2034.44	401.82	162.407	2120.08
1	-485.447	200.335	2045.06	396.9	163.507	2120.72
1	-482.672	195.484	2042.34	396.532	161.316	2119.8
1	-483.318	192.093	2041.92	394.32	164.362	2120.82
1	-485.582	192.405	2045.2	396.114	167.629	2119.47
1	-478.491	192.096	2035.49	397.252	169.028	2122.03
1	-484.386	187.846	2039.38	394.137	172.826	2120.42
1	-483.274	184.661	2035.67	397.105	170.918	2118.22
1	-479.274	188.215	2035.02	395.84	172.228	2123.6
1	-476.794	183.775	2031.3	396.607	164.366	2113.11
1	-479.542	189.18	2037.72	396.135	167.027	2116.63
1	-476.87	183.56	2031.83	400.408	171.197	2119.45
1	-476.839	192.598	2035.7	395.103	170.633	2122.18
1	-483.504	191.215	2038.67	397.553	161.068	2118.25
1	-480.086	186.513	2033.95	397.834	166.101	2119.69
1	-478.974	185.727	2032.27	394.711	166.987	2117.75
1	-482.834	184.12	2031.12	397.317	169.763	2119.32
1	-478.913	191.891	2035.84	396.257	168.239	2121.03
1	-482.037	190.946	2037.24	393.698	166.675	2120.5
1	-480.91	190.446	2036.48	395.211	167.773	2121.87
1	-481.621	189.791	2036.82	401.415	171.398	2121.3
1	-479.973	191.381	2035.55	394.652	177.484	2122.04
1	-481.373	190.843	2035.98	399.587	166.663	2120.27
1	-481.188	187.763	2034.94	399.484	167.052	2120.79
1	-482.548	184.205	2031.47	398.152	164.553	2119.03
1	-482.327	183.705	2032.08	397.061	163.854	2114.22
2   -408.742    286.558 1998.05 655.889 -47.3131    2137.3
2   -409.86 286.684 1993.6  658.86  -45.3222    2137.53
2   -408.133    285.656 1995.03 674.534 -42.8771    2142.8
2   -408.18 285.959 1994.62 682.009 -42.5044    2146.65
2   -409.495    284.922 1992.8  655.971 -44.2744    2140.07
2   -407.727    286.212 1995.65 652.25  -45.0741    2136.58
2   -409.19 288.994 1998.64 650.593 -45.8924    2137.87
2   -407.543    288.676 1997.91 654.842 -44.3432    2138.91
2   -410.224    284.711 1995.61 669.828 -42.5242    2145.37
2   -409.371    283.936 1995.38 667.318 -44.4514    2147.55
2   -407.946    286.166 1997.21 663.359 -40.6242    2142.68
2   -406.9  287.392 1996.92 658.164 -46.1181    2144.04
2   -407.784    286.892 1994.47 657.96  -46.8043    2139.16
2   -408.894    283.333 1993.02 654.605 -42.9343    2139.55
2   -406.288    281.18  1990.63 670.631 -44.2933    2149.7
2   -407.934    283.544 1991.97 671.025 -42.7457    2146.11
2   -409.303    287.31  1994.4  670.583 -42.9682    2148.23
2   -408.076    289.177 1996.65 665.152 -46.6614    2146.81
2   -408.195    286.874 1994.99 665.687 -46.4424    2144.86
2   -408.924    282.048 1991.84 651.987 -48.4916    2144.09
2   -410.176    282.439 1994.36 669.089 -42.355 2148.93
2   -408.001    280.973 1991.6  666.998 -46.8323    2144.51
2   -407.631    281.532 1992.23 664.392 -45.2185    2145.03
2   -408.151    281.706 1990.64 663.327 -41.7787    2147.14
2   -406.918    282.949 1993.75 667.818 -44.1108    2146.52
2   -406.8  280.838 1991.88 667.144 -43.7987    2149.05
2   -407.685    280.596 1989.78 661.055 -48.556 2147.77
2   -409.761    282.554 1993.21 656.118 -45.0869    2146
2   -408.142    281.498 1992.91 655.771 -48.2086    2149.02
2   -409.207    283.253 1992.67 658.125 -48.497 2149.1
2   -408.33 281.695 1992.8  661.541 -49.5156    2150.85
2   -408.27 281.482 1993.98 658.215 -53.1515    2148.25
2   -407.818    286.801 1994.47 654.328 -52.6117    2146.82
2   -407.787    286.833 1993.82 656.109 -47.6875    2148.48
2   -407.972    281.778 1992.3  660.232 -49.4214    2147.64
2   -408.259    281.041 1990.71 663.944 -49.5531    2144.98
2   -408.158    283.862 1991.27 662.377 -50.2144    2149.67
2   -409.084    295.42  2000.31 663.405 -50.4382    2152.26
2   -409.976    287.023 1992.31 658.494 -50.7989    2147.42
2   -409.714    278.659 1989.42 674.088 -46.4253    2151.88
2   -410.578    283.39  1991.32 659.261 -52.9953    2148.31
2   -410.695    285.817 1994.96 660.471 -48.8337    2151.17
2   -410.024    284.492 1992.92 656.179 -51.5367    2147.12
2   -411.838    283.236 1990.87 655.398 -49.4454    2145.91
2   -410.595    284.331 1991.85 655.136 -51.0626    2150.61
2   -409.479    285.883 1993.5  653.723 -49.8758    2147.86
2   -410.34 283.673 1992.83 689.384 -45.6822    2151.5
2   -409.199    279.904 1987.13 681.157 -44.702 2151.17
2   -406.506    285.479 1992.99 674.576 -46.5676    2147.71
2   -409.496    280.831 1990.15 662.357 -45.2745    2146.43
2   -408.942    283.425 1989.7  650.449 -47.5444    2146.03
2   -408.335    286.924 1995.72 682.975 -47.3906    2148.99
2   -411.065    271.377 1987.67 668.436 -44.185 2147.06
2   -410.434    296.037 1999.63 656.602 -50.9136    2143.64
2   -413.827    299.023 2002.47 658.132 -48.1644    2146.55
2   -410.711    301.97  2003.98 657.563 -51.8447    2148.36
2   -413.222    299.203 2003.08 656.014 -51.5007    2147.91
2   -413.957    294.258 2002.58 655.104 -48.5061    2148.35
2   -411.922    293.215 2002.53 651.09  -51.3487    2146.62
2   -414.14 287.308 1998.46 649.71  -52.0661    2145.67
2   -410.295    293.145 2000.43 650.449 -48.1364    2146.69
2   -411.077    289.412 1997.93 651.754 -47.7106    2146.37
2   -412.414    281.051 1996.43 649.098 -49.5847    2146.24
2   -411.842    278.097 1995.33 653.038 -49.2241    2150.02
2   -411.224    283.385 1996.7  649.297 -47.3369    2144.16
2   -406.723    292.448 2004.82 653.214 -52.008 2150.44
2   -408.893    288.748 2002.71 651.178 -52.8737    2147.02
2   -411.836    289.062 2002.46 652.712 -47.5112    2148.91
2   -408.173    294.19  2004.95 653.014 -49.4973    2148.41
2   -410.042    292.553 1998.9  654.135 -48.6515    2153.11
2   -410.433    294.486 2006.73 653.772 -52.9677    2150.94
2   -412.106    280.219 1998.57 649.881 -51.2314    2149.85
2   -413.178    292.212 2004.66 651.443 -50.0965    2151.56
2   -412.205    289.542 2003.98 657.741 -51.9085    2154.24
2   -414.303    277.629 1996.51 657.193 -48.8693    2153.35
2   -411.954    282.201 2000.74 660.809 -51.987 2154.84
2   -414.581    288.637 2004.97 660.235 -46.9176    2151.61
2   -414.669    279.98  2000.4  655.752 -49.5745    2155.03
2   -416.22 278.591 2001.04 653.114 -52.2472    2153.73
2   -413.926    279.925 2000.75 649.993 -48.9106    2147.34
2   -413.719    278.85  2003.45 651.004 -51.4861    2151.55
2   -415.355    273.844 1999.02 667.752 -47.8055    2156.43
2   -415.538    274.365 1999.26 649.632 -50.1907    2149.16
2   -417.577    274.675 2001.01 664.431 -46.8464    2148.17
2   -417.681    276.881 2002.77 666.688 -51.9122    2150.13
2   -415.618    274.488 2001.39 662.582 -47.4711    2151.44
2   -417.165    272.967 1999.56 682.537 -49.4639    2151.88
2   -417.837    272.2   2000.5  656.601 -50.9326    2155.49
2   -416.855    273.337 2001.82 644.714 -51.1068    2145.9
2   -418.948    273.445 2002.85 658.786 -51.888 2149.28
2   -419.695    273.219 2001.05 659.601 -48.0026    2148.84
2   -421.727    273.109 2005.19 661.393 -49.9891    2151.79
2   -424.641    273.161 2003.11 657.768 -50.1262    2154.42
2   -424.014    273.598 2007.55 666.556 -48.2929    2157.07
2   -423.469    275.615 2010.57 671.871 -50.8782    2156.2
2   -426.219    264.335 2003.33 675.386 -54.0472    2155.82
2   -424.626    260.115 2004.47 675.212 -51.5868    2156.71
2   -424.618    274.78  2008.96 656.487 -49.0191    2153.44
2   -425.81 262.671 2006.3  664.61  -51.3233    2156.49
2   -426.224    259.374 2002.71 686.39  -44.8195    2155.37
2   -421.025    279.616 2013.18 651.085 -47.7666    2149.78
2   -424.265    263.276 2003.65 668.563 -53.007 2157.57
2   -425.769    267.179 2005.15 674.768 -50.7322    2151.82
2   -425.264    262.995 2003.52 653.291 -50.322 2153.18
2   -425.466    271.612 2006.78 661.187 -48.5028    2151.12
2   -422.358    275.986 2007.5  664.637 -45.7656    2149.45
2   -421.925    272.716 2005.03 665.756 -47.3794    2153.7
2   -421.457    276.821 2007.43 668.309 -47.9376    2150.53
2   -423.538    264.355 1998.16 651.078 -51.9634    2145.74
2   -424.214    274.545 2004.11 650.177 -49.0242    2146.76
2   -424.092    269.423 2004.33 656.78  -47.8604    2150.76
2   -424.919    270.21  2004.54 648.062 -52.413 2148.97
2   -425.631    266.015 2001.62 648.335 -53.6613    2146.27
2   -425.877    273.557 2007.59 662.388 -49.3937    2150.93
2   -424.186    263.189 2007.2  657.545 -52.3568    2149.13
2   -424.464    276.922 2013.07 657.936 -52.9436    2149.95
2   -424.02 291.203 2022.46 662.037 -52.6429    2152.72
2   -427.673    296.435 2031.59 694.132 -59.087 2159.61
2   -428.614    295.814 2029.92 694.95  -63.4119    2157.49
2   -432.08 291.305 2032.36 695.136 -57.3219    2155.45
2   -430.344    262.125 2018.96 679.565 -57.9021    2156.7
2   -434.495    250.075 2010.13 667.12  -62.1708    2156.39
2   -434.009    247.126 2010.4  672.673 -60.4959    2164.07
2   -433.875    246.385 2016.72 667.223 -60.9474    2162.5
2   -435.602    250.654 2019.79 664.138 -62.332 2159.52
2   -437.464    250.575 2028.24 667.065 -68.7668    2161.64
2   -440.517    257.616 2035.84 672.378 -67.5643    2167.53
2   -444.066    261.757 2042.62 674.421 -67.5568    2169.7
2   -442.72 269.212 2055.6  673.527 -65.2702    2166.68
2   -448.131    267.684 2057.05 679.486 -67.0036    2173.09
2   -445.006    268.293 2047.74 675.065 -65.3583    2170.43
2   -454.527    254.584 2044.56 671.57  -69.7046    2169.96
2   -453.771    255.936 2049.31 670.147 -73.5644    2169.53
2   -451.324    263.6   2063.05 669.575 -75.4714    2173.78
2   -457.832    265.216 2067.96 678.484 -70.114 2181.62
2   -458.469    259.532 2067.6  663.59  -77.3273    2169.56
2   -454.51 263.126 2073.69 663.79  -75.6804    2171.1
2   -455.093    263.033 2071.87 665.219 -73.5596    2173.71
2   -453.398    262.842 2081.46 663.316 -76.8633    2169.54
2   -453.524    264.391 2079.93 674.544 -80.6274    2179.93
2   -459.148    265.078 2089.37 673.998 -84.7179    2174.32
2   -457.937    262.956 2094.05 668.368 -79.2435    2176.29
2   -460.432    260.269 2096.14 668.163 -81.4917    2179.73
2   -454.461    258.678 2089.83 669.113 -80.2538    2183.75
2   -456.664    258.34  2091.38 669.228 -83.135 2184.88
2   -458.552    257.734 2092.23 667.763 -86.9399    2189.07
2   -456.483    259.534 2092.03 669.304 -83.7421    2187.37
2   -458.587    261.251 2090.9  666.755 -86.3006    2183.72
2   -461.266    261.967 2096.76 668.615 -83.943 2190.55
2   -461.183    259.298 2092.79 672.221 -83.0464    2188.05
2   -467.637    198.763 2157.89 653.674 -12.2111    2204.55
2   -467.477    170.495 2138.17 657.146 -10.3112    2208.84
2   -467.58 189.027 2152.34 659.148 -7.07095    2210.81
2   -465.53 201.123 2155.32 658.199 -7.90046    2208.32
2   -467.643    190.701 2149.68 657.008 -6.63497    2209.35
2   -465.048    193.086 2155.2  656.143 -6.08193    2207.88
2   -467.28 189.922 2145.47 656.554 -5.95926    2207.25
2   -463.338    200.94  2156.36 655.066 -14.2125    2202.33
2   -463.482    208.475 2163.2  654.34  -9.64461    2209.11
2   -465.347    167.609 2140.82 657.37  -10.2356    2210.69
2   -466.94 184.647 2149.15 658.346 -6.25849    2210.8
2   -472.239    197.711 2163.72 658.147 -13.0593    2212.17
2   -472.311    199.192 2158.64 657.817 -9.86969    2206.04
2   -463.53 185.038 2151.71 659.828 -4.53926    2209.11
2   -468.423    185.236 2152.58 659.639 -3.46237    2214.14
2   -471.104    183.131 2153.14 654.661 -10.2481    2207.22
2   -472.328    189.742 2151.43 655.852 -6.88225    2209.89
2   -462.865    204.082 2165.72 656.615 -10.2422    2214.38
2   -465.376    202.668 2162.08 656.602 -8.96032    2211.49
2   -469.217    203.339 2158.67 656.234 -15.302 2211.41
2   -464.297    179.099 2150.82 696.996 -21.8377    2207.42
2   -469.409    175.996 2146.68 657.242 -8.3001 2211.82
2   -469.323    160.733 2136.76 705.273 -20.8538    2208.5
2   -462.588    197.479 2161.53 657.56  -14.1068    2210.79
2   -454.653    210.297 2160.89 652.322 -13.1704    2210.26
2   -463.545    168.775 2140.43 703.915 -20.6917    2210.89
2   -463.971    157.756 2137.61 656.425 -9.00844    2211.61
2   -465.924    162.839 2139.04 674.149 -9.85884    2218.92
2   -464.208    162.415 2138.93 692.547 -17.5375    2216.32
2   -463.805    160.168 2132.81 709.264 -22.1785    2219.26
2   -461.224    164.46  2136.83 709.612 -24.3493    2219.64
2   -466.944    167.58  2138.28 669.336 -15.6577    2212.33
2   -466.359    170.964 2141.56 661.333 -19.8306    2209.51
2   -462.803    170.656 2143.56 669.636 -18.7861    2213.63
2   -468.138    166.411 2136.51 664.524 -18.7962    2212.52
2   -461.358    172.892 2140.14 664.433 -17.5444    2212.56
2   -465.472    167.677 2137.97 670.27  -20.5708    2212.79
2   -466.47 168.749 2139.62 676.886 -18.2997    2211.33
2   -463.658    168.855 2136.25 666.159 -19.0437    2207.65
2   -462.277    174.633 2139.39 677.196 -19.6208    2213.47
2   -464.75 169.554 2141.58 669.769 -19.9913    2209.24
2   -461.235    164.32  2133.52 666.838 -22.3079    2210.59
2   -462.07 165.185 2139.1  665.36  -15.9278    2208.35
2   -465.419    168.248 2136.22 668.981 -22.1945    2206.74
2   -464.993    171.015 2136.05 664.367 -17.1648    2210.76
2   -464.016    169.882 2137.26 665.965 -17.2634    2211.33
2   -465.408    169.779 2139.23 667.164 -16.4053    2209.54
2   -462.832    172.368 2141.32 668.684 -14.7201    2212.22
2   -464.346    168.231 2138.89 667.091 -16.0776    2213.35
2   -466.044    169.951 2139.98 664.44  -24.0228    2207.96
2   -466.834    170.575 2143.03 663.249 -20.4101    2211.3
2   -465.495    171.772 2143.31 667.422 -21.0623    2210.43
2   -460.497    167.389 2138.21 668.386 -17.4735    2215.77
2   -464.596    172.595 2141.67 667.914 -19.7717    2214.52
2   -469.82 172.905 2140.83 669.95  -15.1928    2214.85
2   -467.65 169.798 2141.02 663.84  -24.1054    2211.26
2   -464.428    168.409 2142.63 666.59  -18.173 2209.8
2   -467.289    166.636 2144.63 671.241 -20.0133    2210.54
2   -469.014    171.43  2144.42 666.707 -18.7318    2211.97
2   -468.783    162.65  2139.29 667.145 -16.0117    2213.22
2   -471.614    173.3   2144.51 667.11  -18.0587    2213.81
2   -467.015    165.657 2135.95 668.116 -17.6567    2213.38
2   -470.293    181.449 2145.5  669.677 -16.2809    2211.51
2   -468.135    185.374 2151.23 667.931 -14.89  2212.31
2   -467.55 191.179 2154.32 667.984 -19.0844    2214.37
2   -469.134    166.978 2140.79 673.089 -16.1737    2214.2
2   -467.835    168.176 2139.87 696.961 -20.4109    2216.2
2   -466.948    201.994 2166.68 667.39  -14.2047    2212.09
2   -470.117    165.949 2139.18 661.192 -20.8623    2210.08
2   -469.71 173.219 2148.46 667.502 -17.9927    2212.77
2   -465.767    167.873 2144.21 669.982 -17.463 2210.35
2   -467.38 170.366 2145.16 668.078 -15.1637    2211.96
2   -468.377    169.879 2144.23 665.601 -17.7507    2212.85
2   -470.044    171.06  2142.37 662.284 -17.3713    2212.13
2   -470.894    169.751 2142.81 662.773 -14.9326    2207.97
2   -472.747    173.132 2143.19 667.147 -18.7442    2211.91
2   -467.733    173.425 2144.9  668.366 -19.0992    2211.26
2   -468.782    168.171 2141.37 666.487 -17.389 2211.95
2   -460.109    204.836 2161.1  665.791 -22.8557    2209.39
2   -467.094    181.359 2145.56 661.877 -18.4756    2211.1
2   -466.88 168.521 2145.21 666.029 -15.7241    2211.91
2   -468.799    167.673 2144.45 671.766 -15.2293    2212.38
2   -469.256    168.091 2144.6  669.472 -15.9255    2214.84
2   -469.11 169.769 2143.16 668.33  -14.6171    2212.8
2   -467.871    168.052 2140.42 669.305 -12.7679    2215.49
2   -469.473    166.806 2142.63 667.403 -15.5116    2206.82
2   -469.177    169.5   2146.32 665.891 -18.3952    2214.08
2   -464.627    172.891 2144.39 668.342 -15.4603    2214.91
2   -466.411    164.85  2143.61 671.634 -14.3124    2213.53
2   -468.182    167.468 2145.07 671.194 -12.7491    2211.87
2   -466.983    166.597 2140.93 668.21  -14.9025    2211.48
2   -469.211    167.604 2143.6  666.578 -13.8642    2211.28
2   -469.214    171.31  2139.79 667.68  -16.3401    2213.36
2   -467.909    170.447 2144.99 671.131 -17.084 2215.93
2   -468.389    169.049 2139.03 670.337 -15.2195    2209.04
2   -468.856    165.72  2142.11 668.577 -15.2618    2214.44
2   -467.5  171.555 2148.32 669.683 -16.2277    2214.93
2   -465.924    161.445 2140.58 670.859 -16.2344    2211.23
2   -469.307    166.159 2143.16 671.679 -14.2149    2211.83
2   -471.357    165.788 2142.23 669.549 -13.3578    2210.56
2   -470.413    167.66  2141.38 665.579 -11.9624    2210.81
2   -470.572    169.295 2140.02 666.746 -11.2904    2214.14
2   -472.653    169.007 2143.13 667.593 -11.765 2210.54
2   -464.995    164.732 2137.29 665.226 -9.84986    2212.11
2   -466.123    166.374 2147.88 680.184 -11.9279    2213.78
2   -468.813    168.989 2143.37 667.987 -10.9644    2213.56
2   -466.933    168.058 2140.23 671.59  -17.4139    2212.54
2   -473.566    168.696 2145.03 672.117 -13.8117    2214.5
2   -465.198    174.429 2147.05 670.542 -14.7954    2213.41
2   -467.568    165.282 2140.61 709.244 -22.498 2217.35
2   -468.484    163.989 2136.13 680.738 -12.7045    2215.37
2   -464.508    166.987 2146.68 665.066 -13.2739    2210.66
2   -467.904    163.084 2141.06 663.263 -11.6844    2212.68
2   -469.096    160.397 2137.47 662.172 -13.4134    2214.33
2   -465.699    165.173 2141.3  664.294 -15.7015    2211.98
2   -473.167    174.21  2142.68 704.992 -18.6906    2212.32
2   -470.674    168.173 2140.66 711.582 -19.1663    2219.38
2   -472.327    166.971 2137.88 663.145 -11.2485    2209.34
2   -471.87 169.666 2137.97 664.475 -9.83707    2214.04
2   -470.736    173.475 2140.51 668.843 -14.2825    2214.3
2   -464.067    163.83  2135.83 675.497 -13.1199    2211.74
2   -468.328    170.138 2139.28 663.241 -14.7585    2211.46
2   -461.649    168.003 2139.83 700.862 -21.5759    2222.52
2   -462.09 165.388 2133.87 665.366 -16.5569    2215.51
2   -463.741    167.48  2135.39 667.297 -18.4608    2210.93
2   -462.043    168.11  2136.16 665.137 -19.6558    2211.66
2   -463.967    167.083 2139.19 662.501 -23.0842    2211.73
2   -467.039    168.329 2137.4  664.616 -28.204 2210.67
2   -467.409    166.759 2136.2  662.266 -23.1087    2210.11
2   -465.553    167.441 2136.37 662.437 -25.4156    2209.51
2   -463.033    166.908 2138.89 666.562 -30.0199    2213.69
2   -461.913    166.922 2133.9  662.937 -20.1194    2212.61
2   -460.779    169.737 2136.01 669.677 -19.318 2216.99
2   -461.723    168.079 2136.01 675.882 -27.7707    2211.62
2   -455.394    177.035 2140.63 670.001 -30.4605    2211.6
2   -462.281    169.541 2136.43 669.86  -20.6382    2214.51
2   -465.287    170.581 2135.45 668.02  -18.5018    2215.33
2   -462.529    169.101 2135.48 665.582 -24.1407    2211.45
2   -463.713    164.752 2133.63 664.112 -20.0521    2211.36
2   -462.214    168.746 2133.08 664.072 -19.9737    2214.65
2   -461.101    169.919 2136.07 665.135 -21.1485    2210.83
2   -452.849    184.724 2146.64 668.437 -22.6911    2211.1
2   -459.342    163.831 2136.79 666.742 -24.9136    2205.8
2   -459.379    168.345 2141.55 670.696 -27.6401    2212.59
2   -463.673    171.143 2138.38 670.937 -27.9837    2211.89
2   -463.589    165.411 2141.91 672.069 -27.1719    2216.94
2   -464.823    171.926 2141.91 669.61  -33.635 2209.16
2   -463.487    177.238 2150.4  661.302 -23.8997    2212.67
2   -466.524    168.397 2143.46 661.165 -28.3202    2214.23
2   -463.881    184.328 2157.25 657.158 -26.3837    2215.03
2   -513.254    248.561 2079.63 648.043 56.9827 2215.36
2   -514.833    246.176 2074.9  696.923 46.3248 2211.53
2   -514.12 244.333 2079.09 649.8   53.193  2215.21
2   -510.503    245.418 2075.44 693.834 46.4681 2221.8
2   -515.288    220.187 2065.84 663.138 54.845  2224.16
2   -513.392    234.696 2075.61 652.398 50.8307 2214.06
2   -517.818    218.563 2066.17 651.755 53.2273 2217.54
2   -512.03 237.631 2080.13 651.824 53.8017 2215.91
2   -519.912    227.406 2074.26 656.16  51.8426 2217.96
2   -523.24 219.045 2071.02 656.869 51.4752 2215.13
2   -521.714    220.135 2072.21 658.769 52.8209 2220.22
2   -520.343    216.688 2070.73 666.812 50.4748 2224.13
2   -519.935    215.567 2066.45 669.868 52.699  2220.68
2   -512.529    236.236 2077.11 674.464 47.8055 2222.08
2   -519.893    213.258 2067.98 669.34  48.4169 2220.84
2   -522.861    207.777 2065.86 658.874 49.6648 2219.4
2   -524.561    212.733 2073.09 653.579 49.2031 2218.56
2   -522.97 214.291 2070.79 645.828 53.593  2217.75
2   -522.699    216.908 2073.11 645.207 48.9281 2218.33
2   -519.247    220.593 2077.24 647.434 49.2573 2218.72
2   -519.188    222.753 2076.89 648.745 47.9459 2219.78
2   -520.404    215.606 2075.32 650.083 49.1023 2223.97
2   -521.399    210.631 2069.78 648.662 46.7784 2220.62
2   -523.544    215.425 2076.96 642.846 47.0748 2219.36
2   -525.157    213.008 2078    644.576 43.8525 2221.68
2   -522.12 222.678 2078.14 642.994 46.1405 2218.2
2   -525.571    217.628 2078.24 650.987 48.3278 2227.83
2   -527.73 215.695 2078.06 661.91  46.8769 2224.35
2   -527.07 216.454 2081.35 671.193 46.173  2225.13
2   -524.55 216.241 2080.12 679.93  47.2651 2228.53
2   -523.198    212.054 2076.81 673.76  48.7419 2223.23
2   -524.671    219.633 2082.54 669.918 47.3148 2220.47
2   -522.343    223.505 2084.29 663.671 46.5413 2221.12
2   -525.813    220.671 2082.06 665.677 46.4861 2222.84
2   -517.612    235.577 2088.39 672.41  49.0025 2221.61
2   -519.155    233.358 2087.45 676.329 45.2306 2220.27
2   -521.238    216.634 2076.04 641.67  47.7778 2215.26
2   -520.28 220.143 2079.8  649.957 50.9402 2213.59
2   -521.086    227.547 2082.95 679.44  50.7274 2216.26
2   -526.609    238.248 2083.89 676.663 53.6684 2215.83
2   -535.036    193.148 2065.06 650.26  53.9465 2208.71
2   -528.564    225.256 2088.49 643.339 56.8307 2208.59
2   -533.798    226.63  2078.25 644.737 59.437  2206.95
2   -539.119    233.208 2074.45 649.773 63.7182 2201.39
2   -539.43 193.846 2062.14 650.333 63.8626 2200.64
2   -546.794    181.481 2059    669.583 68.7137 2197.65
2   -546.407    224.595 2076.54 684.06  64.9255 2194.53
2   -545.783    235.09  2079.34 653.158 75.6619 2195.55
2   -548.322    231.663 2077.33 639.509 75.966  2186.38
2   -556.465    233.972 2078.94 654.803 71.9452 2179.36
2   -554.257    237.017 2080.37 656.741 81.3493 2185.36
2   -558.48 237.952 2083.17 673.222 74.3977 2178.14
2   -563.4  235.96  2084.79 671.387 78.4922 2168.1
2   -561.153    235.807 2083.23 641.518 87.011  2166.52
2   -558.642    238.997 2093.68 635.362 84.9604 2165.22
2   -557.191    232.126 2085.73 634.089 85.9683 2165.06
2   -555.373    231.431 2086.48 633.964 90.645  2162.99
2   -563.071    233.148 2087.49 651.816 84.8213 2158.01
2   -557.705    233.499 2086.93 666.111 83.5116 2160.03
2   -553.245    235.684 2088.93 636.955 90.8705 2155.37
2   -555.937    231.214 2085.14 678.087 86.5075 2152.56
2   -554.662    235.955 2090.7  633.412 90.6582 2155.5
2   -555.238    236.744 2089.14 666.806 82.7232 2153.71
2   -556.857    236.425 2088.26 644.472 82.1908 2153.35
2   -558.761    234.685 2089.09 629.426 84.976  2157.97
2   -560.056    234.829 2091.78 632.258 83.499  2157.89
2   -553.362    231.675 2085.92 635.705 83.4256 2160.34
2   -546.027    230.253 2090.98 657.492 75.3209 2160.55
2   -551.68 193.587 2071.07 680.274 71.3058 2163.39
2   -532.222    234.072 2086.78 647.495 78.3049 2167.26
2   -534.347    227.126 2078.12 633.691 68.5964 2167.78
2   -539.754    222.91  2080.35 658.704 61.5745 2167.58
2   -538.204    223.542 2086.04 639.111 64.6168 2175.16
2   -539.643    218.19  2078.96 639.189 64.2881 2179.66
2   -539.048    219.799 2076.07 636.252 64.4918 2177.95
2   -544.135    220.203 2081.53 633.053 61.7081 2177.52
2   -540.829    228.237 2084.58 631.745 62.2167 2180.16
2   -543.914    224.91  2081.55 630.892 63.2908 2181.25
2   -539.595    224.65  2079.25 629.218 64.5397 2178.99
2   -540.925    227.887 2077.99 642.177 64.1513 2183.32
2   -542.283    239.427 2090.93 634.913 63.53   2183.12
2   -541.124    238.766 2086.28 633.56  61.8952 2181.08
2   -540.502    207.768 2067.64 634.284 64.65   2184.16
2   -538.9  240.711 2085.97 642.946 58.0309 2182.84
2   -540.643    247.929 2094.94 640.734 60.0711 2181.01
2   -536.218    245.432 2087.02 654.223 58.0867 2184.01
2   -540.103    235.41  2089.52 633.833 62.2201 2179.26
2   -538.59 239.599 2090.69 627.457 63.0022 2183.63
2   -537.152    238.448 2091.76 628.202 61.4727 2187.36
2   -539.451    234.918 2090.43 627.355 62.6767 2189.79
2   -539.061    239.102 2091.41 630.75  62.6375 2190.12
2   -533.837    239.991 2090.59 631.341 62.7989 2195.15
2   -535.474    240.383 2094.68 631.075 61.5303 2193.13
2   -537.003    215.801 2077.79 637.494 61.4205 2193.91
2   -534.911    232.601 2088.12 638.739 59.2017 2191.7
2   -531.546    233.71  2089.5  641.43  58.228  2190.96
2   -533.564    227.996 2087.69 638.213 58.2516 2192.22
2   -533.194    227.392 2085.39 642.104 59.869  2200.02
2   -531.353    230.752 2084.8  641.202 56.5438 2193.84
2   -534.237    223.347 2080.32 641.931 58.8439 2200.28
2   -532.062    222.025 2075.63 641.317 58.6704 2199.75
2   -534.673    222.069 2081.19 636.613 54.7561 2196.12
2   -534.324    221.596 2083.07 634.882 53.2649 2198.86
2   -532.929    223.15  2081.43 631.189 51.0819 2197.2
2   -534.184    220.482 2078.39 669.66  45.2962 2205.29
2   -535.82 223.045 2080.13 631.308 49.4629 2198.85
2   -535.332    227.797 2085.75 631.284 49.7707 2203.1
2   -541.746    218.691 2079.39 635.609 49.0968 2200.12
2   -538.978    223.314 2083.88 641.783 51.4817 2203.85
2   -538.419    227.344 2084.93 623.741 49.3105 2197.38
2   -536.521    228.205 2083.81 648.492 48.0652 2206.24
2   -534.474    227.255 2083.61 633.352 48.2064 2201.27
2   -534.691    236.018 2090.04 648.913 45.7927 2204.76
2   -538.036    224.332 2084.29 631.578 51.273  2201.05
2   -533.605    226.944 2082.59 627.786 50.6862 2200.42
2   -536.507    230.515 2084.84 629.687 50.8621 2200.97
2   -537.019    233.519 2087.37 629.34  51.3162 2205.37
2   -537.989    236.658 2090.88 631.225 50.2913 2200.14
2   -534.424    236.244 2088.74 660.231 43.8536 2202.75
2   -536.923    234.852 2089.88 626.573 50.9022 2202.93
2   -533.271    235.909 2085.61 622.288 49.542  2199.32
2   -536.924    239.506 2089.04 631.648 50.3807 2203.75
2   -534.611    238.532 2086.5  626.314 52.6356 2203.45
2   -532.398    235.081 2083.75 629.352 51.8435 2203.87
2   -534.715    237.228 2084.33 632.322 50.0545 2204.83
2   -537.793    236.436 2087.74 628.764 55.0833 2201.94
2   -536.48 232.684 2083.96 624.192 52.1383 2203.78
2   -535.178    228.7   2082.91 662.99  45.135  2205.68
2   -536.21 232.033 2086.3  625.541 49.387  2200.82
2   -535.71 239.556 2092.23 620.374 48.8765 2200.7
2   -535.496    224.305 2079.14 622.56  48.8734 2201.97
2   -539.307    228.218 2084.23 642.858 45.6078 2206.75
2   -533.485    230.608 2085.12 634.184 50.6033 2203.63
2   -538.134    230.373 2087.1  632.637 49.6169 2203.95
2   -529.902    230.383 2085.45 635.029 47.0976 2203.54
2   -533.801    230.367 2086.12 621.815 49.3571 2199.71
2   -535.081    229.965 2084.02 620.224 47.917  2198.12
2   -537.475    230.076 2087.27 661.147 44.0053 2207.36
2   -530.387    236.868 2085.48 619.71  47.5461 2195.2
2   -535.467    231.667 2086.82 664.636 41.6697 2211.25
2   -535.971    223.835 2081.44 637.211 45.8303 2205.2
2   -537.144    224.32  2078.08 634.885 44.978  2208.77
2   -533.322    230.049 2083.61 626.518 51.9033 2202.69
2   -531.338    226.543 2081.97 654.528 41.7284 2203.74
2   -535.57 225.664 2084.01 635.477 44.3074 2201.81
2   -535.592    225.682 2082.01 629.86  48.6136 2202.59
2   -532.786    227.54  2083.48 626.774 51.1045 2198.46
2   -535.838    226.399 2081.07 629.589 48.8854 2200.42
2   -536.325    224.059 2080.27 625.766 49.3033 2205.41
2   -535.868    224.461 2078.54 624.947 51.0677 2203.71
2   -533.364    254.769 1999.96 649.466 51.2681 2160.29
2   -538.12 254.675 1999.02 662.633 47.5634 2156.18
2   -544.19 250.453 2001.17 641.005 51.4227 2155.57
2   -543.962    246.204 2003.64 617.371 58.716  2154.33
2   -544    241.163 2000.68 641.501 53.7819 2157.15
2   -541.927    243.101 2001.24 660.268 52.7277 2154.51
2   -542.463    244.131 2004.37 651.311 56.3072 2157.84
2   -540.192    237.934 2004.51 644.95  51.2283 2156.12
2   -542.216    238.449 2008.07 659.838 44.5432 2153.78
2   -541.528    232.468 2006.32 661.167 48.4    2157.9
2   -540.21 230.622 2010.62 613.665 54.642  2151.57
2   -541.912    231.058 2013.64 648.196 48.9787 2157.69
2   -544.597    225.305 2012.43 647.153 48.8836 2160.48
2   -541.151    219.344 2009.63 610.89  51.8856 2151.59
2   -543.573    223.977 2019.03 616.268 54.5142 2153.13
2   -547.007    219.454 2016.52 618.28  53.0078 2155.94
2   -545.173    225.761 2022.13 616.836 52.8467 2156.46
2   -549.09 220.052 2020.53 617.714 54.7316 2155.52
2   -547.861    219.443 2022.48 626.937 54.5977 2156.89
2   -546.15 226.092 2028.84 624.419 58.9003 2152.01
2   -544.674    224.179 2023.89 626.259 53.9842 2156.73
2   -545.814    227.363 2026.68 636.626 49.9748 2157.11
2   -547.806    228.191 2027.06 625.644 54.9605 2157.2
2   -542.384    228.175 2027.61 629.919 49.8291 2154.27
2   -540.4  222.08  2019.53 624.875 53.4901 2155.7
2   -542.198    220.221 2024.64 648.13  47.2289 2159.85
2   -546.909    224.348 2025.37 644.023 45.6221 2160.99
2   -541.619    220.094 2022.29 620.769 55.5579 2151.11
2   -541.747    222.944 2021.74 620.959 52.337  2158.53
2   -546.626    225.691 2023.3  617.575 54.4874 2153.43
2   -537.747    222.773 2020.62 619.054 52.7709 2157.11
2   -542.154    225.252 2025.04 645.212 48.4453 2161.81
2   -541.503    220.482 2019.2  642.601 46.3777 2154.21
2   -536.241    220.029 2020.73 647.017 50.2672 2156.85
2   -537.402    217.61  2022.12 651.034 49.0918 2162.25
2   -543.426    221.803 2026.68 649.849 50.1678 2161.65
2   -543.393    220.597 2023.37 635.004 50.0951 2153.93
2   -542.55 221.396 2028.45 630.486 54.1517 2155.98
2   -539.909    220.33  2025.65 628.761 56.0568 2153.91
2   -538.621    222.058 2024.77 629.37  55.7889 2156.84
2   -544.25 224.708 2031.05 628.305 55.956  2156.76
2   -536.694    224.019 2030.38 628.25  56.0729 2152.87
2   -537.437    220.454 2027.47 636.418 55.8113 2158.64
2   -541.486    219.815 2022.73 634.992 56.9291 2154.8
2   -539.721    217.371 2026.61 640.061 51.6914 2152.71
2   -537.383    219.498 2030.94 633.585 56.7125 2158.96
2   -542.562    220.553 2028.49 632.366 55.0266 2154.51
2   -540.934    218.497 2025.07 643.399 53.7864 2156.74
2   -534.849    217.311 2030.2  648.824 55.8629 2159.22
2   -537.333    219.47  2028.91 630.191 53.7775 2153.55
2   -537.87 221.581 2028.39 640.53  56.3963 2156.47
2   -534.226    221.133 2029.26 630.261 58.3992 2158.7
2   -540.369    218.413 2026.32 629 58.9173 2152.74
2   -543.956    217.373 2026.27 629.179 55.9682 2153.29
2   -542.637    217.484 2023.97 633.929 56.1942 2154.02
2   -540.001    222.419 2025.41 637.042 56.0899 2154.95
2   -540.078    222.854 2030.69 633.989 57.7541 2153.49
2   -539.566    226.383 2029.82 631.527 59.238  2158.55
2   -539.064    223.543 2029.19 629.106 56.9775 2156.03
2   -536.177    223.591 2030.22 629.854 56.9154 2156.08
2   -538.067    223.459 2030.56 635.776 57.0236 2155.25
2   -535.582    223.282 2026.89 640.641 50.9536 2158.32
2   -536.754    226.843 2026.5  638.123 52.004  2155.45
2   -534.955    224.977 2029.68 642.152 49.7787 2154.64
2   -535.575    224.38  2029.21 640.601 60.735  2156.57
2   -538.28 227.823 2033.85 637.941 52.395  2154.16
2   -538.268    231.437 2035.27 629.28  57.766  2154.91
2   -542.316    229.186 2036.24 627.183 57.2411 2156.07
2   -539.383    231.604 2040.24 629.077 60.2779 2154.49
2   -536.009    233.566 2039.05 627.689 59.1266 2155.64
2   -535.362    228.729 2036.13 626.672 60.3794 2157.07
2   -538.47 227.864 2037.97 630.349 58.1826 2157.95
2   -535.846    225.492 2032.07 627.931 57.0373 2151.2
2   -533.525    224.404 2031.74 633.289 60.5339 2152
2   -535.278    227.125 2033.63 630.144 61.377  2154.89
2   -538.495    229.692 2036.11 640.639 56.2093 2153.01
2   -539.185    228.247 2035.41 622.523 62.4995 2149.21
2   -539.433    227.642 2038.57 622.522 60.1018 2150.16
2   -536.336    230.111 2039.25 626.823 57.954  2152.86
2   -538.553    219.643 2033.24 623.719 61.0368 2153.47
2   -540.457    225.059 2039.07 624.548 61.3239 2151.94
2   -540.406    230.513 2045.79 619.487 60.9303 2149.51
2   -534.709    226.988 2038.3  625.388 59.4148 2152.69
2   -537.636    227.123 2040.2  620.605 57.486  2150.04
2   -541.623    225.777 2043.77 616.608 59.2579 2147.42
2   -540.667    232.082 2045.53 615.129 58.119  2147.34
2   -545.413    217.392 2035.57 640.626 57.9206 2155.39
2   -540.521    221.157 2037.67 618.319 59.3254 2151.62
2   -535.715    225.848 2042.03 640.643 57.8616 2153.51
2   -539.156    227.595 2042.04 629.023 60.3241 2150.65
2   -537.464    231.347 2045.66 620.351 56.6814 2154.53
2   -539.075    234.643 2046.56 650.72  54.259  2157.31
2   -538.941    231.875 2043.62 651.127 61.6552 2155.81
2   -541.098    234.799 2047.96 643.548 54.8864 2158.05
2   -537.949    235.354 2051.19 639.107 54.0481 2155.1
2   -535.154    234.344 2044.86 639.611 54.9111 2154.57
2   -538.94 235.529 2050.05 642.596 61.9451 2155.65
2   -538.275    234.914 2049.59 640.68  62.5836 2156.73
2   -536.402    235.155 2048.84 640.332 61.6131 2154.66
2   -536.465    233.163 2046.66 640.649 56.5305 2155.2
2   -537.132    232.125 2048.29 641.159 61.6772 2157.79
2   -544.48 212.361 2032.59 640.557 62.5291 2152.44
2   -534.602    233.964 2049.41 641.292 58.5099 2153.75
2   -530.582    234.896 2047.1  643.035 56.5702 2154.55
2   -536.049    233.287 2045.87 639.856 58.0986 2155.89
2   -535.997    233.841 2048.01 638.375 58.5384 2154.69
2   -541.337    185.597 2016.9  638.106 57.8795 2155.66
2   -543.337    190.339 2017.49 639.847 58.8466 2157.93
2   -540.257    214.201 2035.26 640.765 57.2758 2153.32
2   -538.148    220.611 2038.47 634.49  56.0007 2153.42
2   -537.443    223.459 2039.47 633.726 56.0693 2149.54
2   -541.554    177.871 2009.6  627.982 58.4905 2155.22
2   -540.587    183.118 2012.92 625.543 57.6958 2150.59
2   -542.471    188.357 2014.84 667.259 54.2276 2161.22
2   -537.902    220.177 2037.37 625 61.0456 2152.55
2   -541.611    177.876 2009.12 619.868 60.4278 2150.5
2   -534.419    219.705 2036.13 617.411 59.5614 2152.79
2   -536.238    231.335 2049.2  636.192 58.2098 2154.91
2   -541.429    182.983 2012.72 624.117 64.049  2154.44
2   -543.057    178.25  2012.03 622.255 63.175  2154.15
2   -540.656    182.331 2012.96 621.568 58.7372 2153.84
2   -543.486    178.276 2011.58 617.018 60.182  2152.17
2   -541.937    180.432 2012.72 616.631 61.8026 2155.82
2   -542.415    188.861 2017.45 620.525 61.05   2156.04
2   -540.856    181.715 2012.87 621.128 61.1706 2154.52
2   -540.584    175.282 2005.94 620.91  61.3035 2151.3
2   -542.465    180.009 2014.78 622.462 61.7874 2155.2
2   -541.25 178.187 2005.86 621.026 60.8712 2153.39
2   -541.802    195.703 2019.78 620.533 58.4075 2153.27
2   -542.183    178.756 2009.65 618.363 60.9447 2153.82
2   -540.103    211.029 2032.41 617.642 59.313  2155.01
2   -542.338    173.771 2009.31 622.896 58.7848 2157.08
2   -540.975    175.805 2010.84 629.35  60.9446 2155.82
2   -541.509    177.597 2008.64 622.95  60.582  2152.11
2   -542.632    206.006 2027.1  635.051 58.9962 2156.51
2   -541.579    171.094 2008.8  633.18  59.3504 2161.16
2   -542.474    173.915 2010.48 622.097 60.7512 2158.26
2   -541.703    208.213 2029.98 636.983 58.6666 2157.86
2   -542.353    216.733 2034.5  623.371 62.5194 2156.76
2   -543.119    181.026 2016.11 618.714 59.8287 2154.24
2   -541.778    211.799 2032.81 638.98  56.298  2156.48
2   -543.713    201.525 2029.74 651.78  55.5874 2156.23
2   -542.791    195.991 2024.48 657.017 59.1338 2155.86
2   -543.734    201.232 2027.38 624.438 59.7284 2156.29
2   -540.752    185.533 2017.25 623.372 61.6293 2153.25
2   -541.023    217.968 2039.94 638.065 59.49   2154.89
2   -543.127    215.902 2039.27 626.266 63.9986 2155.6
2   -541.946    187.631 2018.78 618.435 60.6846 2155.97
2   -538.743    175.896 2011.12 620.06  64.5709 2153.22
2   -540.113    180.292 2014.97 625.279 58.0859 2154.39
